1741193867404 -0.0050406025049576034 0
1741193867427 0.0018855540597327637 0
1741193867439 0.03278440858069729 0
1741193867452 0.010965076976077948 0
1741193867463 -0.01270731504071182 0
1741193867475 -0.041436184987282854 0
1741193867486 -0.03838060148734255 0
1741193867497 0.00547499406069455 0
1741193867511 0.03304273188705977 0
1741193867525 -0.045368521389314326 0
1741193867537 0.04631441290342182 0
1741193867548 0.01956974453795879 0
1741193867560 0.019096708324395584 0
1741193867573 0.009783744555863406 0
1741193867589 -0.007804597403564473 0
1741193867604 -0.00957393534493497 0
1741193867622 -0.0407835112195733 0
1741193867634 0.027279565230664896 0
1741193867646 -0.04059065028836574 0
1741193867659 -0.008707511518417088 0
1741193867673 0.04031861032298361 0
1741193867688 0.016144957650678783 0
1741193867701 -0.027001565532566163 0
1741193867713 0.011254586669607792 0
1741193867727 0.015731408350388353 0
1741193867742 0.030249473663087525 0
1741193867757 0.034625679808178524 0
1741193867769 0.011677894647101018 0
1741193867781 -0.04743359835198496 0
1741193867795 -0.022486139651911187 0
1741193867808 -0.0432073695797129 0
1741193867820 0.03525695180315646 0
1741193867832 0.038324890992240755 0
1741193867845 -0.0005311183869589065 0
1741193867859 0.020421719307763854 0
1741193867871 0.052468773504337846 0
1741193867883 -0.039547064967866585 0
1741193867896 0.003744400233313283 0
1741193867907 0.006402163726522148 0
1741193867921 0.024655913671800755 0
1741193867933 -0.0065262203808082245 0
1741193867946 -0.015512705293795115 0
1741193867960 -0.04336165610687477 0
1741193867974 0.01574970747574258 0
1741193867986 0.005518141774136176 0
1741193867999 0.003921857172656163 0
1741193868011 -0.013490093518945458 0
1741193868025 0.03341538283333187 0
1741193868038 0.03364815185371703 0
1741193868051 -0.013149955623393706 0
1741193868062 -0.018956681427304358 0
1741193868076 0.02690470561733992 0
1741193868091 -0.0009723067670206042 0
1741193868106 0.017382700411385378 0
1741193868120 0.05223380407437848 0
1741193868136 -0.008107699367364753 0
1741193868152 -0.02811936002685147 0
1741193868166 0.057040140325581225 0
1741193868183 0.015643436318812355 0
1741193868195 -0.021804920970259135 0
1741193868209 0.054647169813956745 0
1741193868222 -0.020360716400633097 0
1741193868235 -0.012400347374475585 0
1741193868251 0.012306978429220706 0
1741193868264 0.0217343118314402 0
1741193868278 -0.03545206873185317 0
1741193868294 -0.004214150011983164 0
1741193868313 0.05481495356024634 0
1741193868332 -0.023474312073857327 0
1741193868346 0.01260061911087539 0
1741193868360 0.016280717972199554 0
1741193868374 0.022804178514932348 0
1741193868388 -0.027982896882264532 0
1741193868401 0.04187451312604427 0
1741193868414 0.061584584701581374 0
1741193868427 0.0019315663727819 0
1741193868442 0.03279994285352336 0
1741193868454 -0.00856134820541703 0
1741193868465 -0.022134262157453947 0
1741193868477 0.023754259955829027 0
1741193868489 0.03271338850648774 0
1741193868500 -0.021164311744371403 0
1741193868512 -0.02659320299698007 0
1741193868526 -0.0008253039756748182 0
1741193868538 -0.0004151553379320959 0
1741193868554 -0.005601614948107493 0
1741193868570 0.015168726314718295 0
1741193868585 -0.012669600656696013 0
1741193868598 -0.004029215846584791 0
1741193868611 0.022818600365333407 0
1741193868625 0.039345219327850345 0
1741193868641 -0.012901981394035922 0
1741193868653 0.015434233865353243 0
1741193868670 0.06836200213947399 0
1741193868684 -0.008916188242718684 0
1741193868697 0.062255621077869576 0
1741193868710 0.03559151370802237 0
1741193868723 -0.02502707784613855 0
1741193868737 0.0034453494879364763 0
1741193868750 0.023247663708980702 0
1741193868762 0.043232213472432376 0
1741193868775 -0.010679898865155038 0
1741193868788 0.060561241189870565 0
1741193868800 0.02614465786172875 0
1741193868812 0.04819282579859317 0
1741193868825 0.02284687624524794 0
1741193868839 -0.017539748215182643 0
1741193868852 0.008324428168430417 0
1741193868864 0.028050066983398292 0
1741193868876 0.03920050123178289 0
1741193868889 0.07938532235048795 0
1741193868903 0.009515275260555189 0
1741193868916 0.039545644229417344 0
1741193868930 0.004584742161552233 0
1741193868946 0.08081919495342088 0
1741193868967 0.02981328809309629 0
1741193868979 0.06333897097805027 0
1741193868992 0.05023272328501963 0
1741193869007 0.014431995655581918 0
1741193869022 -0.00959801899975541 0
1741193869036 0.08320924517095203 0
1741193869050 -0.005938039462730221 0
1741193869063 -0.011376001724180185 0
1741193869075 0.04397179169682636 0
1741193869088 0.01807045577003632 0
1741193869099 0.07375349157891761 0
1741193869112 0.03889075831062229 0
1741193869129 0.004852848764170838 0
1741193869148 0.014534850715352609 0
1741193869164 0.043495047740641855 0
1741193869176 0.07133200395790283 0
1741193869190 0.049473244949261176 0
1741193869208 0.09211641110296165 0
1741193869223 0.047276602628185435 0
1741193869242 0.02528131815180432 0
1741193869258 0.028811523914660797 0
1741193869275 0.07873984373927474 0
1741193869292 0.09113926256491642 0
1741193869308 0.0055979121183859365 0
1741193869323 0.0003250224476748359 0
1741193869339 0.08765951089493114 0
1741193869353 0.0036555868957888205 0
1741193869365 0.09470407122157284 0
1741193869377 0.05949596138188155 0
1741193869390 0.005713640871004705 0
1741193869402 0.08156171143739166 0
1741193869415 0.10116893737177748 0
1741193869427 0.009862993276395587 0
1741193869440 0.041017257599713586 0
1741193869453 0.014379662029306059 0
1741193869464 0.08334317178043371 0
1741193869477 0.10348459945048383 0
1741193869495 0.07401489131347948 0
1741193869513 0.08212829443023081 0
1741193869530 0.028415916121210427 0
1741193869548 0.054973695523348964 0
1741193869564 0.10365647677865852 0
1741193869577 0.021883260620046627 0
1741193869590 0.09519365808658808 0
1741193869604 0.01563165361879587 0
1741193869622 0.10022549107742457 0
1741193869638 0.08817655491027288 0
1741193869654 0.09724191796377704 0
1741193869675 0.08542090330417842 0
1741193869688 0.08795822373300335 0
1741193869705 0.05251705141069139 0
1741193869723 0.04174938616537578 0
1741193869738 0.08308649721148073 0
1741193869757 0.04961014402648458 0
1741193869772 0.0878603367967076 0
1741193869785 0.08538680942164562 0
1741193869796 0.049817040450957334 0
1741193869809 0.08192080315225973 0
1741193869821 0.03571454387531042 0
1741193869834 0.06688381434925152 0
1741193869846 0.07575251771111176 0
1741193869859 0.08901399835241579 0
1741193869874 0.10662403983988208 0
1741193869887 0.12682409708124304 0
1741193869898 0.04415353119874401 0
1741193869912 0.0892645379009194 0
1741193869928 0.11424103285358457 0
1741193869947 0.04875518417017266 0
1741193869963 0.0375328583459965 0
1741193869979 0.10286244670715997 0
1741193869993 0.10929687420687045 0
1741193870012 0.10546325258802672 0
1741193870029 0.12468845228839981 0
1741193870046 0.09051998055027738 0
1741193870063 0.0794966982409858 0
1741193870081 0.11107389708597973 0
1741193870093 0.07853439740245101 0
1741193870107 0.07091752251621804 0
1741193870122 0.06015901630341233 0
1741193870138 0.07604868941120058 0
1741193870153 0.13124213538083782 0
1741193870168 0.057503697930743315 0
1741193870184 0.09580108626629115 0
1741193870199 0.1357916073353032 0
1741193870213 0.09381112500785796 0
1741193870227 0.08177816104023013 0
1741193870246 0.09051936289750687 0
1741193870263 0.05156489494604194 0
1741193870279 0.12898320188859017 0
1741193870296 0.05306517227019274 0
1741193870314 0.11155864778941611 0
1741193870328 0.1159373761362984 0
1741193870344 0.09443561241140651 0
1741193870358 0.1422342743100639 0
1741193870375 0.14356681269668617 0
1741193870394 0.059867046401343126 0
1741193870408 0.09462219417434672 0
1741193870421 0.13908837581439798 0
1741193870432 0.11586620149890782 0
1741193870444 0.08106125079661117 0
1741193870456 0.14708057384440956 0
1741193870468 0.1375779239048003 0
1741193870481 0.10804467563389711 0
1741193870494 0.11841641242038033 0
1741193870510 0.12797848896868325 0
1741193870527 0.13984774773142009 0
1741193870544 0.1531568027864636 0
1741193870563 0.13622405944618882 0
1741193870580 0.07986062223098644 0
1741193870596 0.07407798440310978 0
1741193870612 0.1366404183295663 0
1741193870628 0.10232329302858532 0
1741193870646 0.11426938703473863 0
1741193870664 0.09479172067686167 0
1741193870677 0.15952949573268024 0
1741193870691 0.09629191820903256 0
1741193870704 0.09759486285486275 0
1741193870715 0.10405711628034789 0
1741193870728 0.12743393031343714 0
1741193870741 0.08027943752308195 0
1741193870755 0.16241793656899745 0
1741193870767 0.12074402180959447 0
1741193870779 0.15957006994871634 0
1741193870792 0.13603984821550744 0
1741193870805 0.1513657242738805 0
1741193870816 0.13303628280956362 0
1741193870828 0.14600984705921666 0
1741193870842 0.11340163752315024 0
1741193870856 0.10780725618409012 0
1741193870868 0.11680307733610211 0
1741193870881 0.13861301899974265 0
1741193870894 0.1020076129133413 0
1741193870908 0.16730827567066917 0
1741193870928 0.19447630944258182 0
1741193870947 0.10585406442529091 0
1741193870962 0.17721653369438314 0
1741193870978 0.12056691260624403 0
1741193870994 0.17662133013830839 0
1741193871009 0.20084793401282292 0
1741193871025 0.1756077137821485 0
1741193871045 0.10465022465178164 0
1741193871063 0.17033005676838803 0
1741193871078 0.13592362745217057 0
1741193871095 0.17211519932360808 0
1741193871108 0.13997750231677067 0
1741193871122 0.11769450578303817 0
1741193871138 0.13899039665468962 0
1741193871152 0.16456334189547447 0
1741193871164 0.13013601722773002 0
1741193871177 0.14935154390099123 0
1741193871190 0.18824969687379725 0
1741193871210 0.16659388006368686 0
1741193871222 0.1968823837121551 0
1741193871238 0.14221485239947673 0
1741193871254 0.2082881168336694 0
1741193871266 0.14386616056440227 0
1741193871278 0.21876718358422265 0
1741193871292 0.1242515338391949 0
1741193871308 0.17234117585296077 0
1741193871322 0.15893343542713614 0
1741193871337 0.14131738693437873 0
1741193871351 0.2200651111975239 0
1741193871365 0.1650740461122971 0
1741193871378 0.2279223145795488 0
1741193871392 0.16067287840947636 0
1741193871410 0.17446133018840448 0
1741193871424 0.1768389260055476 0
1741193871438 0.19686068632469658 0
1741193871450 0.1800657280197814 0
1741193871462 0.16991227293590708 0
1741193871477 0.20589834685972774 0
1741193871491 0.20578458127616844 0
1741193871505 0.20936301583338296 0
1741193871518 0.19467054247129353 0
1741193871530 0.23759822446492734 0
1741193871543 0.20693525096910184 0
1741193871561 0.2153855894112307 0
1741193871580 0.22588141232493925 0
1741193871595 0.20706835855371836 0
1741193871612 0.24782810372394806 0
1741193871629 0.2210632037651226 0
1741193871646 0.2284163460404267 0
1741193871663 0.23812261268787024 0
1741193871680 0.19730289137611273 0
1741193871697 0.20512332696800833 0
1741193871712 0.21461274859579652 0
1741193871730 0.25510779612042234 0
1741193871747 0.2138760658807418 0
1741193871759 0.2454655739772131 0
1741193871774 0.2616176647448234 0
1741193871793 0.2006115404921586 0
1741193871811 0.26130881649446003 0
1741193871827 0.25516374668437647 0
1741193871845 0.249433892442596 0
1741193871860 0.2511085397981803 0
1741193871876 0.18166983468364623 0
1741193871892 0.21747567553038033 0
1741193871908 0.20867620582147525 0
1741193871924 0.1862944681536797 0
1741193871938 0.18854448831035492 0
1741193871951 0.17931880449047038 0
1741193871964 0.2501666922372258 0
1741193871976 0.19595586883580762 0
1741193871989 0.1835315278972143 0
1741193872002 0.20774782941982678 0
1741193872014 0.2111452981128936 0
1741193872026 0.26980708288506033 0
1741193872039 0.2378010723733148 0
1741193872055 0.22988688403890586 0
1741193872070 0.2653000178308209 0
1741193872085 0.22527049674112756 0
1741193872096 0.21147227873270508 0
1741193872108 0.21640062259203832 0
1741193872121 0.2166177652505553 0
1741193872133 0.25013918773414284 0
1741193872146 0.23425740381640622 0
1741193872159 0.26999527788334815 0
1741193872171 0.2623932770747934 0
1741193872183 0.2821158375458911 0
1741193872197 0.2756770833109254 0
1741193872213 0.23370441051696123 0
1741193872230 0.23084144978879928 0
1741193872243 0.2868065605587068 0
1741193872257 0.3042469397806691 0
1741193872271 0.24596412310559285 0
1741193872284 0.2663453908042991 0
1741193872296 0.2800136536442686 0
1741193872311 0.2908977996238375 0
1741193872327 0.21569263385450413 0
1741193872344 0.256629670766257 0
1741193872429 0.30465870524279665 0
1741193872442 0.27468200697550815 0
1741193872456 0.27878808993549786 0
1741193872469 0.2629469118993678 0
1741193872482 0.2578536064919425 0
1741193872495 0.2536170944807041 0
1741193872508 0.31919642644755697 0
1741193872521 0.25369409037111645 0
1741193872533 0.2647964332817541 0
1741193872546 0.2414462977553627 0
1741193872561 0.25766100450964613 0
1741193872577 0.24993413067395848 0
1741193872594 0.31335637942494027 0
1741193872607 0.2584602315425414 0
1741193872625 0.28184313088332047 0
1741193872642 0.2487203960084187 0
1741193872655 0.27233193687523644 0
1741193872668 0.33818609562972424 0
1741193872679 0.24435522804263535 0
1741193872692 0.338820551775814 0
1741193872704 0.34206008877884747 0
1741193872715 0.3106241038627773 0
1741193872727 0.3089095349513264 0
1741193872738 0.2650886224279802 0
1741193872750 0.2666534399489503 0
1741193872761 0.3383877737196031 0
1741193872773 0.3497892630418258 0
1741193872785 0.30619337317221196 0
1741193872796 0.35093008577873175 0
1741193872810 0.31060263034217084 0
1741193872824 0.2859268423825236 0
1741193872840 0.3427071277939609 0
1741193872853 0.3034959614670582 0
1741193872865 0.34553980246330834 0
1741193872877 0.2869902373185484 0
1741193872891 0.3098147158618343 0
1741193872909 0.33845974716946176 0
1741193872928 0.2884937279818942 0
1741193872948 0.36881016026591346 0
1741193872960 0.31972356987045286 0
1741193872972 0.33330985549825426 0
1741193872985 0.3038586242267459 0
1741193872998 0.30613296344397534 0
1741193873012 0.37820514835698865 0
1741193873027 0.3085515471886473 0
1741193873047 0.29569858275769706 0
1741193873062 0.3229159060763752 0
1741193873077 0.38484048259759507 0
1741193873095 0.34343065129837763 0
1741193873110 0.35912414245548613 0
1741193873125 0.37466520813461013 0
1741193873146 0.36486891687066975 0
1741193873162 0.31737695888291034 0
1741193873179 0.393593479377276 0
1741193873195 0.33168656854654743 0
1741193873211 0.3663652518375917 0
1741193873226 0.3265981689172324 0
1741193873241 0.3861995540660758 0
1741193873257 0.39038983564776153 0
1741193873271 0.3879672175689656 0
1741193873284 0.3406127960844689 0
1741193873299 0.3767344450482251 0
1741193873313 0.39724923769117865 0
1741193873330 0.321860095021956 0
1741193873344 0.3375982520774521 0
1741193873359 0.3515601612456779 0
1741193873373 0.3348342235486875 0
1741193873387 0.3755571265845161 0
1741193873400 0.3920740977469354 0
1741193873413 0.3439762010414398 0
1741193873428 0.37203029710984054 0
1741193873442 0.35535515724394157 0
1741193873460 0.3332392399656092 0
1741193873476 0.371959552323307 0
1741193873494 0.3392790371184532 0
1741193873511 0.403295590319269 0
1741193873529 0.40989149120566043 0
1741193873546 0.3324152048448527 0
1741193873568 0.3920059337913817 0
1741193873580 0.38773265428326226 0
1741193873593 0.4325190347996304 0
1741193873608 0.34974325545694224 0
1741193873626 0.43495040665767987 0
1741193873643 0.3827566064742058 0
1741193873663 0.43241523807971216 0
1741193873680 0.38152085311131384 0
1741193873695 0.43243541423405074 0
1741193873713 0.43946664341468755 0
1741193873730 0.36316897579237506 0
1741193873745 0.44725942756887677 0
1741193873760 0.4025835479256496 0
1741193873775 0.3918320844842624 0
1741193873787 0.3606656945812082 0
1741193873799 0.4303792578667531 0
1741193873811 0.41604542301216807 0
1741193873823 0.44773470056346887 0
1741193873836 0.39955636561049396 0
1741193873851 0.3897966134490615 0
1741193873867 0.3843088030444372 0
1741193873881 0.44975965514637584 0
1741193873893 0.45881851034482984 0
1741193873905 0.41311285379042695 0
1741193873918 0.39911976798939597 0
1741193873930 0.4306197235078528 0
1741193873942 0.46258701859517376 0
1741193873955 0.38213798377858543 0
1741193873969 0.39181275585098513 0
1741193873980 0.4743505154223389 0
1741193873994 0.3867750770021864 0
1741193874011 0.38781507858696496 0
1741193874028 0.4773610128096085 0
1741193874046 0.4088387320347263 0
1741193874063 0.4231578360479086 0
1741193874081 0.40503739143428896 0
1741193874098 0.39332790816577196 0
1741193874114 0.46350035994916366 0
1741193874129 0.396819994524016 0
1741193874143 0.4684305617499081 0
1741193874161 0.43278644580299297 0
1741193874178 0.414370244408895 0
1741193874194 0.4955899622342797 0
1741193874212 0.4956401213318816 0
1741193874228 0.4125752127972985 0
1741193874245 0.45019821407371313 0
1741193874263 0.4676751710451036 0
1741193874278 0.46547646021116823 0
1741193874293 0.49880292658859 0
1741193874309 0.49265986708400583 0
1741193874327 0.41712746576806425 0
1741193874346 0.42416096473708015 0
1741193874362 0.4808558025093519 0
1741193874377 0.48214231817580416 0
1741193874393 0.4559603129444223 0
1741193874410 0.4884111576728218 0
1741193874424 0.5007817840710198 0
1741193874439 0.471319573730932 0
1741193874455 0.5005759046358135 0
1741193874473 0.471787285315612 0
1741193874488 0.5138597839835334 0
1741193874501 0.5241906208823824 0
1741193874515 0.5113156338498849 0
1741193874528 0.5292112316030625 0
1741193874541 0.4594342060526922 0
1741193874558 0.45024482226281437 0
1741193874572 0.5207553447201773 0
1741193874589 0.4830439734778342 0
1741193874606 0.4830698811348464 0
1741193874623 0.5194361179227408 0
1741193874638 0.5069151923112396 0
1741193874651 0.5346157621320173 0
1741193874664 0.5120466797903501 0
1741193874676 0.5110889430608414 0
1741193874690 0.5145000266373736 0
1741193874703 0.4655393301487525 0
1741193874715 0.5436086289020218 0
1741193874728 0.4837436334668096 0
1741193874741 0.5122823885384973 0
1741193874756 0.4548551760442707 0
1741193874768 0.5161361273114539 0
1741193874779 0.5368876210136806 0
1741193874793 0.5184882114108404 0
1741193874806 0.46357719767938055 0
1741193874819 0.4999747507985042 0
1741193874831 0.47698356142086085 0
1741193874844 0.4893957051299309 0
1741193874857 0.49990269422924943 0
1741193874871 0.5586639714014803 0
1741193874884 0.49872014637604606 0
1741193874896 0.5397923452506947 0
1741193874909 0.5279843376441922 0
1741193874923 0.5282346927088484 0
1741193874935 0.5400116020678447 0
1741193874946 0.49392512843109454 0
1741193874958 0.5362708209663315 0
1741193874974 0.556307810587581 0
1741193874987 0.5075304677620537 0
1741193874998 0.5715809693079786 0
1741193875009 0.5721427602670364 0
1741193875023 0.5451759170157884 0
1741193875036 0.5044612062680551 0
1741193875047 0.5271407507856232 0
1741193875059 0.5099382263868113 0
1741193875072 0.5420433752834868 0
1741193875084 0.5655294973120721 0
1741193875095 0.5231358705990266 0
1741193875108 0.5248289520376733 0
1741193875121 0.5459681471396216 0
1741193875134 0.5274424957141166 0
1741193875146 0.5625145567454917 0
1741193875161 0.5114121233594613 0
1741193875174 0.5815073895935768 0
1741193875187 0.5476815315804282 0
1741193875199 0.5430233503511623 0
1741193875212 0.5541008962775484 0
1741193875223 0.5623866418378553 0
1741193875236 0.5705384889064462 0
1741193875249 0.5935324839070826 0
1741193875262 0.5728846824653877 0
1741193875277 0.5466790874173968 0
1741193875292 0.5260291924300615 0
1741193875310 0.5814793571665811 0
1741193875326 0.5887946248801504 0
1741193875344 0.6124593866872802 0
1741193875361 0.5596908368626455 0
1741193875377 0.5553554221243073 0
1741193875393 0.6060595476990023 0
1741193875410 0.6296985637183907 0
1741193875427 0.6110104916512801 0
1741193875446 0.554061025574754 0
1741193875464 0.6183179489228925 0
1741193875481 0.636672719944952 0
1741193875493 0.5755120436941641 0
1741193875508 0.5779673442886285 0
1741193875522 0.5996064925270785 0
1741193875540 0.5818925501883372 0
1741193875559 0.6150222489463689 0
1741193875578 0.6341599839616857 0
1741193875595 0.6252615049454804 0
1741193875612 0.6468661685801209 0
1741193875628 0.6476501527914612 0
1741193875646 0.6091464196521912 0
1741193875663 0.5901875007278569 0
1741193875678 0.6550039727446548 0
1741193875697 0.5853406277410245 0
1741193875717 0.6523340858150973 0
1741193875729 0.6385308961502133 0
1741193875746 0.6149307866858676 0
1741193875765 0.6130735638354647 0
1741193875778 0.595777314722719 0
1741193875795 0.6541961070931519 0
1741193875812 0.6358533798857703 0
1741193875827 0.6144355039309415 0
1741193875841 0.5791407372620293 0
1741193875854 0.6445672668663406 0
1741193875866 0.6366023623595015 0
1741193875878 0.6587965241676274 0
1741193875892 0.6459930503566707 0
1741193875905 0.6263194767545799 0
1741193875919 0.611017241316555 0
1741193875932 0.6716012639932262 0
1741193875944 0.6552839262667312 0
1741193875957 0.6157547556842053 0
1741193875976 0.6080788979933911 0
1741193875994 0.6113535457108288 0
1741193876010 0.6589869283748113 0
1741193876025 0.5911402984405789 0
1741193876037 0.6584066654947915 0
1741193876055 0.6050729752486503 0
1741193876071 0.689764420082815 0
1741193876088 0.6669001420407109 0
1741193876103 0.6185372883480442 0
1741193876115 0.6722188328196184 0
1741193876126 0.6228050404688352 0
1741193876139 0.6545906632885719 0
1741193876156 0.6548563904588961 0
1741193876174 0.6280439316229027 0
1741193876194 0.7031135364305362 0
1741193876214 0.6920639157516972 0
1741193876226 0.6548199371264127 0
1741193876241 0.6419726049409118 0
1741193876258 0.6752298301168166 0
1741193876275 0.6316052727706032 0
1741193876290 0.7112120195611016 0
1741193876306 0.6898211958502461 0
1741193876321 0.6431826914620196 0
1741193876334 0.6300337248165498 0
1741193876346 0.6681658625953271 0
1741193876359 0.6349358015855493 0
1741193876377 0.6894016940043417 0
1741193876395 0.6989406149859838 0
1741193876412 0.6916012064748815 0
1741193876431 0.6650994301055926 0
1741193876443 0.6390714338919657 0
1741193876457 0.6565542665163232 0
1741193876470 0.6746281720610642 0
1741193876482 0.6896508426196668 0
1741193876494 0.6721357965497907 0
1741193876509 0.7112362986627391 0
1741193876529 0.7275841372394308 0
1741193876542 0.7407064635877032 0
1741193876559 0.6772871376174542 0
1741193876576 0.7407827712216419 0
1741193876595 0.656909490380044 0
1741193876612 0.6774353234150761 0
1741193876633 0.7368946624669654 0
1741193876646 0.6551199683236172 0
1741193876658 0.7278132879879353 0
1741193876671 0.7339592323222115 0
1741193876683 0.7254576051986387 0
1741193876694 0.7215693093230807 0
1741193876707 0.7369496901342462 0
1741193876724 0.6874172237970751 0
1741193876744 0.6772805604524743 0
1741193876763 0.6633945978517617 0
1741193876777 0.6959101810263167 0
1741193876795 0.6854173971267652 0
1741193876811 0.7531782178559175 0
1741193876828 0.7027702389906103 0
1741193876842 0.728829920551533 0
1741193876860 0.7330702696397029 0
1741193876878 0.7064006527202157 0
1741193876894 0.7589210666823208 0
1741193876911 0.7706565627821081 0
1741193876929 0.6953174537414126 0
1741193876947 0.6852980547898093 0
1741193876962 0.7627975911107598 0
1741193876975 0.7681383761681333 0
1741193876990 0.728430253011227 0
1741193877009 0.7556971869900861 0
1741193877028 0.6856279133791012 0
1741193877046 0.7604555007104956 0
1741193877063 0.7607501299201822 0
1741193877078 0.7056017570180647 0
1741193877095 0.7651434041811627 0
1741193877112 0.72223209122686 0
1741193877130 0.707087857731549 0
1741193877148 0.7842254876283382 0
1741193877162 0.7268589237199661 0
1741193877175 0.7482707153621811 0
1741193877189 0.7267035627901707 0
1741193877206 0.795101581362913 0
1741193877224 0.7191329807313575 0
1741193877243 0.7921157680612673 0
1741193877260 0.7503809503124531 0
1741193877279 0.7587849192046647 0
1741193877296 0.8037158192078784 0
1741193877314 0.7099378157942039 0
1741193877328 0.7459572982632091 0
1741193877347 0.7646502193994942 0
1741193877360 0.7734748599085075 0
1741193877375 0.7212378998757437 0
1741193877392 0.7924619619936861 0
1741193877411 0.7324387804992138 0
1741193877426 0.8005483245495324 0
1741193877444 0.7746854221386436 0
1741193877460 0.8047975658885693 0
1741193877477 0.7339691206412332 0
1741193877493 0.8050512659537669 0
1741193877509 0.7734035469804419 0
1741193877525 0.776973372621937 0
1741193877542 0.7822493122330133 0
1741193877560 0.7752319934697242 0
1741193877575 0.742491087488619 0
1741193877592 0.7713048165117116 0
1741193877606 0.8296751407296149 0
1741193877624 0.8033592859476265 0
1741193877640 0.7489150776617985 0
1741193877660 0.8271509679864415 0
1741193877681 0.7484097417823269 0
1741193877698 0.8194667112522962 0
1741193877714 0.8324568160428124 0
1741193877731 0.7923172533483858 0
1741193877747 0.8331228818929202 0
1741193877765 0.7746445233882481 0
1741193877778 0.8223215665225609 0
1741193877793 0.8380430767023037 0
1741193877812 0.7703519103435887 0
1741193877830 0.763508224329247 0
1741193877845 0.8447177553269943 0
1741193877862 0.8327648575580978 0
1741193877880 0.8330170432623073 0
1741193877896 0.8157743861257222 0
1741193877912 0.8306703734823355 0
1741193877929 0.8318056338778789 0
1741193877943 0.7885411219681809 0
1741193877958 0.8215634913293749 0
1741193877972 0.7950785045523359 0
1741193877985 0.78383247622642 0
1741193877999 0.7815422008920219 0
1741193878015 0.813108727671722 0
1741193878028 0.800695476743304 0
1741193878045 0.7668761511984059 0
1741193878063 0.8086739544172095 0
1741193878081 0.8388836669541387 0
1741193878095 0.8420704278897102 0
1741193878109 0.8146458966973658 0
1741193878123 0.7972267872750328 0
1741193878136 0.8497946314184811 0
1741193878152 0.8560062272636642 0
1741193878166 0.8158032668592748 0
1741193878180 0.8135304331902413 0
1741193878197 0.8006585737422528 0
1741193878212 0.8636660324523726 0
1741193878228 0.8654977933282332 0
1741193878247 0.8451111497719658 0
1741193878261 0.7913639005440235 0
1741193878276 0.8154419303885087 0
1741193878295 0.8154027250186993 0
1741193878310 0.8738991330835777 0
1741193878327 0.823797131880933 0
1741193878345 0.8036384329387873 0
1741193878359 0.8463293801978246 0
1741193878375 0.8223056767594173 0
1741193878391 0.8063237604288301 0
1741193878411 0.8126222807430968 0
1741193878428 0.837966477187349 0
1741193878447 0.887819693424704 0
1741193878461 0.8252647976526833 0
1741193878481 0.8952164012716378 0
1741193878496 0.8549150856948203 0
1741193878510 0.8168554797752917 0
1741193878526 0.852421345340011 0
1741193878542 0.8932053455705801 0
1741193878556 0.8629081112646018 0
1741193878569 0.8629790279418994 0
1741193878581 0.8409101891593558 0
1741193878593 0.8125372807079363 0
1741193878605 0.8705160061757475 0
1741193878616 0.8604093812362152 0
1741193878628 0.8520084171321857 0
1741193878641 0.8331511994815453 0
1741193878659 0.8583158883987124 0
1741193878680 0.8268301982233865 0
1741193878695 0.864589628503785 0
1741193878712 0.8782866647770164 0
1741193878730 0.9039240221107734 0
1741193878747 0.8404801501443445 0
1741193878762 0.8187721410904195 0
1741193878776 0.8653290122018227 0
1741193878791 0.8780337488466631 0
1741193878806 0.8952057188807228 0
1741193878821 0.8907794211488518 0
1741193878837 0.8339238270911228 0
1741193878850 0.8434904673816199 0
1741193878862 0.8599652591669315 0
1741193878876 0.8518563709360658 0
1741193878893 0.9149909647773157 0
1741193878911 0.8474425071556373 0
1741193878930 0.8835478657981061 0
1741193878947 0.907018483270613 0
1741193878961 0.9003745426539809 0
1741193878976 0.9128167767043353 0
1741193878992 0.8348311742544897 0
1741193879008 0.8855368664572821 0
1741193879022 0.8740079145514038 0
1741193879036 0.8804721805342445 0
1741193879048 0.855049579579493 0
1741193879060 0.9253683827367873 0
1741193879075 0.8739728869107124 0
1741193879090 0.8930455912396528 0
1741193879105 0.9271785385427461 0
1741193879118 0.8444763285157445 0
1741193879130 0.8601813597568692 0
1741193879144 0.8880905568428928 0
1741193879162 0.8464858218261678 0
1741193879179 0.8815640098407713 0
1741193879195 0.868563869207008 0
1741193879211 0.9447550198201022 0
1741193879229 0.8810287520710154 0
1741193879245 0.9016955855208794 0
1741193879263 0.9063693976627263 0
1741193879279 0.9210523246297375 0
1741193879294 0.9102495714857646 0
1741193879311 0.8620624951833008 0
1741193879325 0.8993053971623264 0
1741193879338 0.9117356156875479 0
1741193879350 0.9174066192797399 0
1741193879362 0.9258000146791225 0
1741193879376 0.8665688555514408 0
1741193879392 0.9000227187259963 0
1741193879408 0.9120995291196069 0
1741193879425 0.9273158563950404 0
1741193879442 0.8839296190487392 0
1741193879457 0.8910031899954463 0
1741193879470 0.950270161038512 0
1741193879484 0.9378449178614708 0
1741193879499 0.9102086174002304 0
1741193879513 0.957281460745675 0
1741193879527 0.9627608813259259 0
1741193879543 0.8986135486090343 0
1741193879560 0.9683437759122786 0
1741193879575 0.9174704818775107 0
1741193879591 0.9282100209229701 0
1741193879607 0.89508461030497 0
1741193879620 0.9709114000349708 0
1741193879632 0.9363105309326796 0
1741193879645 0.903019421311918 0
1741193879664 0.8987010184127199 0
1741193879681 0.8862010849252628 0
1741193879696 0.9113834342892932 0
1741193879710 0.9479650577685823 0
1741193879723 0.8955813431647414 0
1741193879737 0.9397480422911513 0
1741193879751 0.9072524870087524 0
1741193879764 0.9526832842464472 0
1741193879775 0.896405246234914 0
1741193879792 0.8972525494153739 0
1741193879811 0.9594476841150367 0
1741193879828 0.9258299455132906 0
1741193879845 0.9475329706525744 0
1741193879864 0.944339808814101 0
1741193879880 0.9219061547699872 0
1741193879896 0.9133099849596853 0
1741193879912 0.9401517768349115 0
1741193879931 0.9394418132299522 0
1741193879946 0.9135575926244821 0
1741193879958 0.977185611618918 0
1741193879973 0.9680483160514699 0
1741193879987 0.9881176997148248 0
1741193879998 0.8963376799201885 0
1741193880012 0.9867221703572743 0
1741193880029 0.9362056987943108 0
1741193880043 0.9482330120252203 0
1741193880055 0.9063048799048617 0
1741193880067 0.9132438062456406 0
1741193880078 0.9198072300078793 0
1741193880091 0.9922887934862588 0
1741193880104 0.9409721332915522 0
1741193880119 0.9315256376791592 0
1741193880133 0.9953529014542357 0
1741193880146 0.8999359217475916 0
1741193880158 0.9507676584739595 0
1741193880174 0.9396818373025417 0
1741193880191 0.9459887593440587 0
1741193880206 0.9344743417812802 0
1741193880223 0.9695723159606984 0
1741193880237 0.9494791013085138 0
1741193880249 0.9627535081817367 0
1741193880262 0.9391461037246418 0
1741193880276 0.9313879473773654 0
1741193880294 0.9128938124912289 0
1741193880312 0.9518317552524732 0
1741193880330 1.007235136820323 0
1741193880348 1.0079066098292488 0
1741193880362 0.9310665359206831 0
1741193880377 0.912782930057037 0
1741193880395 0.951570646950341 0
1741193880411 0.9240701136782983 0
1741193880428 0.9693140532221755 0
1741193880444 0.9846138954511734 0
1741193880460 1.0084599809917132 0
1741193880477 0.9340828572724633 0
1741193880495 0.9450836479878684 0
1741193880510 1.0035446688385488 0
1741193880526 0.9301417132387757 0
1741193880544 0.9998557493281232 0
1741193880561 0.930742732409531 0
1741193880576 0.972128502194773 0
1741193880589 0.9576376397905579 0
1741193880602 0.9823297963891782 0
1741193880615 0.9868411997022333 0
1741193880629 0.9752888275563861 0
1741193880644 0.9273475071732009 0
1741193880662 0.9904198293174376 0
1741193880679 0.9876131060410565 0
1741193880696 1.0021383190334363 0
1741193880713 0.9820500704889888 0
1741193880729 0.9435656812683627 0
1741193880746 1.0192705067355399 0
1741193880764 0.9951474379898313 0
1741193880776 0.9582191212657128 0
1741193880791 0.9938612521630945 0
1741193880808 1.024458987777941 0
1741193880821 0.9302791453218456 0
1741193880833 0.9995502122077373 0
1741193880844 0.9772481303645045 0
1741193880858 1.0139054626988722 0
1741193880870 0.9317205494605221 0
1741193880887 0.9422563340042609 0
1741193880901 0.9538335966258601 0
1741193880913 0.9580383528592399 0
1741193880931 1.01782154576398 0
1741193880946 0.9841351401935139 0
1741193880962 0.937516004782464 0
1741193880980 0.9941298870479041 0
1741193880995 0.956476829026916 0
1741193881009 0.9402213465497006 0
1741193881029 0.9544607517521829 0
1741193881045 1.0192595551041825 0
1741193881061 0.990566526313005 0
1741193881077 0.9691603338103176 0
1741193881096 1.0227211602964643 0
1741193881114 0.9362099490731147 0
1741193881129 1.0172860288724965 0
1741193881146 0.9697127274864642 0
1741193881164 0.9552201865615954 0
1741193881176 0.9402391877991318 0
1741193881191 0.9834987043270471 0
1741193881206 1.0260906182814462 0
1741193881221 1.0249062323151505 0
1741193881237 0.9638150894813393 0
1741193881254 0.960574588378232 0
1741193881271 0.9542103399742823 0
1741193881288 0.9641723800997526 0
1741193881305 1.001830861754911 0
1741193881321 0.9864814399174392 0
1741193881338 0.9479281306738243 0
1741193881354 0.9580528517843196 0
1741193881369 1.0120490746680466 0
1741193881385 0.9799852974314435 0
1741193881400 1.0030204671816259 0
1741193881412 1.0112161580250785 0
1741193881426 1.0328779716641658 0
1741193881444 1.0056094000901266 0
1741193881463 0.9533934898005174 0
1741193881481 0.9989449703552697 0
1741193881496 0.9947011916943207 0
1741193881513 0.9683190462311341 0
1741193881529 0.98427770890214 0
1741193881543 0.9589939345045507 0
1741193881561 0.9843217194317028 0
1741193881580 1.0292814880603576 0
1741193881596 0.9516994376169893 0
1741193881608 1.015655460302883 0
1741193881622 1.005535112655561 0
1741193881638 0.9563885186658347 0
1741193881656 1.0328894675973548 0
1741193881672 1.0065387606302938 0
1741193881688 0.9972000224989725 0
1741193881703 0.9765970068384456 0
1741193881719 0.9671865003362808 0
1741193881732 0.9940866068091169 0
1741193881744 1.003397673428877 0
1741193881758 0.9886519566209293 0
1741193881777 0.9543340161242388 0
1741193881796 1.0049661637876184 0
1741193881811 1.043411690127937 0
1741193881825 0.9557310197211716 0
1741193881839 1.0397051626089187 0
1741193881859 0.9968286575449761 0
1741193881875 1.037524172027393 0
1741193881892 0.9480583650319921 0
1741193881909 1.0244842259489455 0
1741193881928 0.9802182733799579 0
1741193881947 1.0078599750749435 0
1741193881964 1.0132677439268427 0
1741193881979 1.007561017607148 0
1741193881996 0.9836669094155306 0
1741193882014 1.0343316891672614 0
1741193882030 0.9677484554511493 0
1741193882043 1.0465683113775766 0
1741193882059 0.9607027759858137 0
1741193882075 1.0208616396850327 0
1741193882090 1.0384161757153159 0
1741193882104 1.0066912433032216 0
1741193882116 0.9744210082940499 0
1741193882127 1.0308492581939457 0
1741193882141 0.988062575687204 0
1741193882156 1.0403311419055827 0
1741193882169 0.9786154265257365 0
1741193882181 0.975026444161024 0
1741193882193 1.0025230249585282 0
1741193882205 0.9855386166925972 0
1741193882218 0.9773368989042187 0
1741193882231 0.9705621859577761 0
1741193882243 1.0323829341066204 0
1741193882255 0.9800512825280762 0
1741193882271 0.9789937516030363 0
1741193882286 1.009120275117095 0
1741193882299 1.039433954576772 0
1741193882312 1.0437254861041225 0
1741193882326 0.9885133996153042 0
1741193882339 1.0189468700228355 0
1741193882353 0.9675500172098472 0
