1741193552277 0.001408438268464196 0
1741193552297 -0.007211489974731911 0
1741193552318 0.022255326699149758 0
1741193552339 -0.02630205860133841 0
1741193552355 0.023210487262472868 0
1741193552371 -0.040763547487290025 0
1741193552386 -0.010210144658342801 0
1741193552400 0.02991555278251742 0
1741193552415 -0.04198471547526779 0
1741193552430 -0.03655977690292824 0
1741193552451 -0.006571420153416119 0
1741193552469 -0.0471500044612278 0
1741193552486 -0.03620876063160882 0
1741193552504 0.04460108443640018 0
1741193552522 0.0318817383191786 0
1741193552538 -0.03176187716462704 0
1741193552549 -0.002534524181337017 0
1741193552562 -0.04068500952059252 0
1741193552574 -0.03231169485664761 0
1741193552589 0.005047305683326309 0
1741193552617 -0.015779352526970693 0
1741193552635 0.026454323937473146 0
1741193552649 -0.04770417685000564 0
1741193552663 -0.04819230518353802 0
1741193552680 -0.04353902777451496 0
1741193552694 0.034492941460612235 0
1741193552710 0.0176257554692703 0
1741193552732 -0.0245423771599667 0
1741193552749 0.018582519853225444 0
1741193552766 0.017885448692395788 0
1741193552781 -0.006599884501003451 0
1741193552794 -0.024271917207144347 0
1741193552808 0.01597202289617118 0
1741193552824 -0.02457240835824408 0
1741193552842 -0.04471571244117696 0
1741193552858 0.018162063168098486 0
1741193552875 -0.02103504589048738 0
1741193552891 -0.03433380014919182 0
1741193552907 0.03357069428189977 0
1741193552923 0.00040179724387225937 0
1741193552942 -0.04086423931105038 0
1741193552958 -0.0198397523542764 0
1741193552972 0.014549057984056335 0
1741193552987 -0.0033324394051994395 0
1741193553003 -0.03943145384741334 0
1741193553017 -0.04108432229609324 0
1741193553032 0.010236958749642033 0
1741193553048 0.00792622846247224 0
1741193553061 0.01677233599160701 0
1741193553075 0.004161874428699519 0
1741193553093 -0.015577627513764705 0
1741193553106 -0.022074948603891243 0
1741193553121 0.050603660465786175 0
1741193553134 0.009666741735362316 0
1741193553153 0.011809609761025942 0
1741193553167 0.024487622958462563 0
1741193553180 0.01130210147748848 0
1741193553194 0.04467508364248667 0
1741193553212 -0.02875817080155796 0
1741193553231 0.019289443387339032 0
1741193553250 0.05252113519365035 0
1741193553269 -0.02659547926760073 0
1741193553369 0.05909097891356391 0
1741193553381 -0.019055992664453725 0
1741193553394 0.04947197851617078 0
1741193553409 -0.013637454481889813 0
1741193553426 -0.004716286861907892 0
1741193553441 0.0009702855075751967 0
1741193553458 0.04965285133682697 0
1741193553472 -0.02692809353570278 0
1741193553489 -0.0011222489202249337 0
1741193553505 -0.02348803006877829 0
1741193553522 0.006851391932995787 0
1741193553537 0.027141013831644467 0
1741193553551 -0.018382827792857215 0
1741193553568 -0.0066286472560789025 0
1741193553581 -0.002096835197863734 0
1741193553596 0.007683093546431052 0
1741193553610 0.014522762705998282 0
1741193553625 0.004821922359669904 0
1741193553642 0.005601487218547085 0
1741193553658 -0.01246239002058458 0
1741193553674 0.010699156646804996 0
1741193553695 0.004192569493956055 0
1741193553711 0.005853264778414469 0
1741193553727 0.006715064106574131 0
1741193553744 0.020038957678632997 0
1741193553762 0.052135629375662684 0
1741193553778 -0.02521596469948694 0
1741193553794 -0.017326550161433966 0
1741193553810 0.050192492549201925 0
1741193553824 0.019682863650455063 0
1741193553837 0.05542111960520516 0
1741193553849 0.050506171483758557 0
1741193553865 0.01709355419188612 0
1741193553878 0.0669260463594511 0
1741193553892 0.04363177174009701 0
1741193553906 -0.015245619512027013 0
1741193553919 0.01723834468642139 0
1741193553932 0.0076742972380931425 0
1741193553945 0.05815464501309749 0
1741193553957 0.04942045543866885 0
1741193553971 -0.007772518961254651 0
1741193553988 0.04153732533189972 0
1741193554000 0.07306683679263973 0
1741193554012 -0.0017031807490745093 0
1741193554025 0.03950872572733786 0
1741193554037 -0.007088811861174875 0
1741193554050 0.008906777713462474 0
1741193554064 -0.004372125932088425 0
1741193554081 0.021804079624839857 0
1741193554093 -0.004044349257811455 0
1741193554107 0.007655074021713702 0
1741193554120 -0.008948751878775245 0
1741193554131 0.04336234941075769 0
1741193554148 0.03206206117381168 0
1741193554159 0.0069652517552094215 0
1741193554174 0.014871692740277841 0
1741193554188 0.06515752722829991 0
1741193554203 0.02172815186908872 0
1741193554215 0.04263095473551898 0
1741193554228 -0.006713501836743553 0
1741193554241 0.01275835007855972 0
1741193554253 0.02725789550136863 0
1741193554264 0.04775859591393744 0
1741193554278 0.0006687372400816516 0
1741193554292 0.025302264927088133 0
1741193554308 -0.00017125132210669275 0
1741193554320 0.018225498076008848 0
1741193554332 0.0366684275003053 0
1741193554344 0.06107049034225527 0
1741193554355 0.05552263923559605 0
1741193554368 0.06835101205431844 0
1741193554381 0.04807621971775546 0
1741193554394 -0.0030407426624966885 0
1741193554406 0.0004900520686502777 0
1741193554419 0.04416753016938796 0
1741193554431 0.07123212246263372 0
1741193554457 0.06555181282873145 0
1741193554473 0.01785250624610697 0
1741193554487 0.08597697404428807 0
1741193554505 0.03784644323093499 0
1741193554518 0.04488938314134235 0
1741193554533 0.07606529818744888 0
1741193554546 0.009548013633818686 0
1741193554561 0.09335549169925396 0
1741193554574 0.017198413551826837 0
1741193554586 0.0034990600279571626 0
1741193554600 0.07573001462637288 0
1741193554613 0.05763734877004169 0
1741193554625 0.03164258990260653 0
1741193554638 0.04952770261579355 0
1741193554650 0.00980641491376881 0
1741193554662 0.008847420483980795 0
1741193554677 0.09717863314505955 0
1741193554690 0.0998139951855194 0
1741193554705 0.09190338674224736 0
1741193554718 0.057642447977250745 0
1741193554729 0.02193813860902661 0
1741193554741 0.050831042053686756 0
1741193554753 0.028157293450614407 0
1741193554764 0.10145011692727324 0
1741193554777 0.06591798755398819 0
1741193554790 0.05080083891031021 0
1741193554803 0.017217131782719663 0
1741193554817 0.05474086146655864 0
1741193554829 0.05126760490416611 0
1741193554844 0.07004522526886056 0
1741193554857 0.030815278516748874 0
1741193554868 0.02465863797598554 0
1741193554881 0.048457439858003964 0
1741193554896 0.033914241889465534 0
1741193554909 0.0810635705973942 0
1741193554921 0.054415952104380216 0
1741193554933 0.03662488978588926 0
1741193554947 0.054922979615409914 0
1741193554959 0.05898890367425984 0
1741193554971 0.04888407318291217 0
1741193554983 0.10062885307495192 0
1741193554997 0.09378835359012411 0
1741193555011 0.1119855800797423 0
1741193555025 0.08367276598661397 0
1741193555038 0.10968323470383923 0
1741193555051 0.10758737879363414 0
1741193555065 0.10119539156721201 0
1741193555078 0.0800795240071501 0
1741193555093 0.11488067417696753 0
1741193555108 0.08226966019974546 0
1741193555123 0.040131290347483806 0
1741193555137 0.05702541238975636 0
1741193555150 0.11775694215088044 0
1741193555164 0.07374921528138237 0
1741193555182 0.05073224304967154 0
1741193555200 0.051602991370006276 0
1741193555216 0.06542892495097238 0
1741193555234 0.07821188150473223 0
1741193555253 0.1313924108850788 0
1741193555271 0.05874385168964264 0
1741193555290 0.10255848938142524 0
1741193555307 0.11854831169409516 0
1741193555323 0.07873362485637025 0
1741193555339 0.12962307132947165 0
1741193555352 0.11557881761588268 0
1741193555368 0.13616019795118617 0
1741193555384 0.1371361660018139 0
1741193555400 0.0534701622457683 0
1741193555413 0.13789053223802744 0
1741193555428 0.15225750710114222 0
1741193555441 0.06174470794130595 0
1741193555455 0.13218943585142354 0
1741193555466 0.10333251331720801 0
1741193555479 0.07501706747936082 0
1741193555493 0.1437902004080635 0
1741193555505 0.06601181946848872 0
1741193555516 0.10849627408595852 0
1741193555532 0.1124951939076894 0
1741193555545 0.13098397432929895 0
1741193555557 0.08534848463368445 0
1741193555570 0.11823541310907024 0
1741193555586 0.13052007729327658 0
1741193555598 0.14249669780491356 0
1741193555613 0.10687342351716653 0
1741193555625 0.12543839869494766 0
1741193555639 0.07028917890765449 0
1741193555651 0.08672943206471884 0
1741193555664 0.11223266114302761 0
1741193555677 0.1390361911985973 0
1741193555690 0.11613819725357372 0
1741193555701 0.10325012707791986 0
1741193555714 0.149151260426616 0
1741193555736 0.1134697338789659 0
1741193555756 0.1341092550396373 0
1741193555772 0.12470758137732492 0
1741193555790 0.1346812509864963 0
1741193555806 0.08853583629600856 0
1741193555820 0.09647492598112586 0
1741193555833 0.11025786850926456 0
1741193555846 0.10245508156144063 0
1741193555859 0.12110918628825947 0
1741193555873 0.1047357198728373 0
1741193555886 0.12762361170432523 0
1741193555900 0.1638980609390308 0
1741193555913 0.12393789140967135 0
1741193555926 0.14948165196131769 0
1741193555937 0.1336803239247638 0
1741193555950 0.18278641939619877 0
1741193555963 0.1895625653915308 0
1741193555974 0.11083004110213707 0
1741193555985 0.16997244383499485 0
1741193555997 0.15502775459026225 0
1741193556010 0.1668772316940312 0
1741193556022 0.12005505607932335 0
1741193556034 0.18681961056539576 0
1741193556045 0.1629958838150177 0
1741193556058 0.11227322369906775 0
1741193556071 0.11884218330849189 0
1741193556083 0.17671025344298685 0
1741193556095 0.13822868765232874 0
1741193556106 0.13539720637914668 0
1741193556118 0.2024904269368656 0
1741193556131 0.18054807062611689 0
1741193556142 0.19030321150094365 0
1741193556157 0.1988238925142052 0
1741193556169 0.1350970618140705 0
1741193556180 0.18784145118948598 0
1741193556192 0.11474780433696921 0
1741193556204 0.13649411048514803 0
1741193556219 0.19864356250440962 0
1741193556232 0.15004952312578487 0
1741193556248 0.20982087653089548 0
1741193556261 0.159858163563177 0
1741193556274 0.1854468543706209 0
1741193556286 0.21842828890188015 0
1741193556298 0.16405047627699332 0
1741193556313 0.20014705115789383 0
1741193556327 0.1433391488611379 0
1741193556339 0.1526604653449423 0
1741193556351 0.20034122324259998 0
1741193556362 0.2197297023479845 0
1741193556373 0.16298831378432557 0
1741193556387 0.2169593056028618 0
1741193556398 0.19266215221547278 0
1741193556411 0.14954225967422863 0
1741193556426 0.19979278252289387 0
1741193556438 0.14067980603785227 0
1741193556450 0.2374277179095346 0
1741193556463 0.14250488570106848 0
1741193556476 0.21872355100381657 0
1741193556488 0.1481573109916756 0
1741193556500 0.2001370002810306 0
1741193556512 0.16944580943585694 0
1741193556526 0.17532833357161726 0
1741193556541 0.15243422030951817 0
1741193556556 0.22362216141031804 0
1741193556571 0.19237060787382054 0
1741193556584 0.22777492859859064 0
1741193556598 0.1680026844153492 0
1741193556612 0.20832064836137437 0
1741193556627 0.2099472111915952 0
1741193556643 0.22046108331747652 0
1741193556658 0.20975971567258422 0
1741193556672 0.17924766690196764 0
1741193556686 0.24858231144633627 0
1741193556701 0.18129446974044944 0
1741193556716 0.25886384682532276 0
1741193556733 0.26317156932583247 0
1741193556749 0.1819517095991675 0
1741193556766 0.2145224574172087 0
1741193556780 0.1970461561707946 0
1741193556795 0.20426587475495556 0
1741193556811 0.17207633860540295 0
1741193556826 0.22169004426300265 0
1741193556840 0.2100877007469594 0
1741193556855 0.21443130259851212 0
1741193556871 0.2634068201827057 0
1741193556884 0.22694249577426745 0
1741193556899 0.2756639858109598 0
1741193556913 0.25103909811108044 0
1741193556928 0.21536044835209617 0
1741193556943 0.2367899979180002 0
1741193556958 0.2487813976729826 0
1741193556973 0.2664644463529871 0
1741193556986 0.19946607656675494 0
1741193556998 0.20969744782260358 0
1741193557010 0.1929543643063218 0
1741193557022 0.28357771441888385 0
1741193557036 0.21086810048000187 0
1741193557048 0.2812024955470455 0
1741193557059 0.2886997982110696 0
1741193557070 0.23465406903364106 0
1741193557084 0.24071334958996748 0
1741193557096 0.28549287721369215 0
1741193557108 0.20373076323746697 0
1741193557118 0.2883974026840047 0
1741193557132 0.28421232720360406 0
1741193557145 0.23346597703101343 0
1741193557160 0.2995200233329413 0
1741193557179 0.228645605279006 0
1741193557191 0.3056183580850811 0
1741193557203 0.2776990788526063 0
1741193557215 0.29767441462531147 0
1741193557227 0.28698454990262434 0
1741193557242 0.23045366592102268 0
1741193557257 0.2786783144612531 0
1741193557276 0.2248574729398413 0
1741193557293 0.2908469987549277 0
1741193557308 0.24423509357613013 0
1741193557321 0.2371524061455592 0
1741193557339 0.27316520607534434 0
1741193557353 0.2576225028981546 0
1741193557371 0.3222214953692615 0
1741193557387 0.24982666022919023 0
1741193557406 0.2712947274702667 0
1741193557422 0.23964990063314368 0
1741193557437 0.250101960395499 0
1741193557449 0.2689468401458399 0
1741193557462 0.27378002848972993 0
1741193557477 0.23919793517702118 0
1741193557490 0.2656347423629845 0
1741193557501 0.27845590345501847 0
1741193557513 0.2493711449610901 0
1741193557527 0.3077868053002681 0
1741193557539 0.2662747075702584 0
1741193557553 0.2937508343732227 0
1741193557566 0.24964253072274703 0
1741193557580 0.33359300912603496 0
1741193557594 0.273558774967809 0
1741193557608 0.32937570572778835 0
1741193557622 0.30940563286708395 0
1741193557636 0.275283769382972 0
1741193557652 0.253786618703807 0
1741193557666 0.25481763673129565 0
1741193557679 0.2569856116061122 0
1741193557693 0.30840521047438263 0
1741193557706 0.32924361052714446 0
1741193557718 0.3422347935350529 0
1741193557728 0.2629808251362977 0
1741193557742 0.2991036373443698 0
1741193557757 0.3479033939838454 0
1741193557769 0.36547805980993364 0
1741193557780 0.31265057435239285 0
1741193557791 0.291705131273131 0
1741193557803 0.2888536933888695 0
1741193557816 0.37076489165238463 0
1741193557829 0.3182952912102172 0
1741193557841 0.34175156219881364 0
1741193557853 0.30536274871408053 0
1741193557864 0.35349996400796013 0
1741193557875 0.35704521612515594 0
1741193557887 0.3791898986938578 0
1741193557899 0.31739558170330906 0
1741193557912 0.38269397309119113 0
1741193557924 0.29582009744520993 0
1741193557935 0.3060234872248835 0
1741193557948 0.3716297875122411 0
1741193557958 0.3780575860394493 0
1741193557971 0.36447515048299733 0
1741193557983 0.2969244629159386 0
1741193557995 0.3171635250440065 0
1741193558007 0.3178680689737764 0
1741193558020 0.38543771054241466 0
1741193558031 0.3410934641662686 0
1741193558042 0.36102933893638933 0
1741193558053 0.31891389243388196 0
1741193558066 0.35332646982479543 0
1741193558077 0.37208296618208514 0
1741193558090 0.34810279172957964 0
1741193558102 0.4067648411543658 0
1741193558114 0.3895813198968467 0
1741193558126 0.38478789594488677 0
1741193558139 0.3241363356417489 0
1741193558156 0.4096363069340451 0
1741193558169 0.37912695350672493 0
1741193558181 0.34933918140372394 0
1741193558192 0.32247009445145747 0
1741193558204 0.4155528912091495 0
1741193558215 0.3498445494594018 0
1741193558228 0.38459626354175036 0
1741193558240 0.32716786587533025 0
1741193558253 0.4147814636544196 0
1741193558267 0.3940328218223032 0
1741193558279 0.37133538211113626 0
1741193558295 0.34658124368312704 0
1741193558307 0.35143390634790583 0
1741193558320 0.43058694337080794 0
1741193558332 0.4144990871644458 0
1741193558344 0.3492221042887043 0
1741193558355 0.4178097958218779 0
1741193558368 0.3712558196137796 0
1741193558379 0.390204315270092 0
1741193558391 0.41548488717334386 0
1741193558403 0.4417009615870186 0
1741193558416 0.4032949558764733 0
1741193558430 0.40523923129229344 0
1741193558442 0.39608763174506767 0
1741193558456 0.41099397073862154 0
1741193558469 0.4232264732184156 0
1741193558482 0.3918136451196044 0
1741193558493 0.36342364109628766 0
1741193558506 0.39102492557744084 0
1741193558518 0.38090698194667005 0
1741193558542 0.44153790347224375 0
1741193558555 0.3870056869150438 0
1741193558569 0.39969796124507034 0
1741193558581 0.41680876509888215 0
1741193558593 0.4124749583856585 0
1741193558605 0.45726879204136206 0
1741193558620 0.3930667903143479 0
1741193558631 0.41840726340411266 0
1741193558643 0.4603783498784212 0
1741193558659 0.4054201243092447 0
1741193558671 0.45174196601950267 0
1741193558685 0.4065815772784092 0
1741193558697 0.4122347212707742 0
1741193558711 0.40600173097310677 0
1741193558724 0.41858602807890855 0
1741193558739 0.457156726206301 0
1741193558752 0.4371131683571691 0
1741193558765 0.47790449095608933 0
1741193558778 0.44331804173961126 0
1741193558792 0.4007595938171902 0
1741193558805 0.43682720915288986 0
1741193558816 0.45614735175509674 0
1741193558830 0.4543715438221857 0
1741193558844 0.40725651644897687 0
1741193558857 0.3968497649377973 0
1741193558871 0.4311170136690599 0
1741193558884 0.47788305466938225 0
1741193558896 0.4825111338035251 0
1741193558909 0.4321671309866017 0
1741193558920 0.4619808020799654 0
1741193558936 0.4240899174207454 0
1741193558949 0.4354840583498939 0
1741193558962 0.49604613402543624 0
1741193558975 0.4743895217665607 0
1741193558986 0.4791919276638941 0
1741193558999 0.4169879554234943 0
1741193559013 0.4350329950622563 0
1741193559026 0.42168256752296296 0
1741193559040 0.44636393524041496 0
1741193559053 0.49067307500510265 0
1741193559065 0.4370816343989143 0
1741193559077 0.44618190728126067 0
1741193559094 0.493344273825477 0
1741193559107 0.43177047885998615 0
1741193559120 0.47660172163582826 0
1741193559134 0.4607856803691994 0
1741193559147 0.5058908116003185 0
1741193559161 0.5287705468479599 0
1741193559174 0.4589223236332855 0
1741193559191 0.5296729794090868 0
1741193559204 0.5140865042742004 0
1741193559215 0.5167644739389633 0
1741193559231 0.45876429976269517 0
1741193559247 0.4568499932030284 0
1741193559273 0.511601811067683 0
1741193559288 0.5096483346377942 0
1741193559301 0.4645547338068394 0
1741193559312 0.4996288749004801 0
1741193559324 0.5180065935988614 0
1741193559338 0.4998155048383609 0
1741193559352 0.49099822548187116 0
1741193559365 0.4991454702926062 0
1741193559379 0.49983576495747534 0
1741193559409 0.5507456813168345 0
1741193559422 0.5224017056193301 0
1741193559436 0.500129605034916 0
1741193559450 0.4841469430711561 0
1741193559463 0.5372905854079766 0
1741193559474 0.5315928471999721 0
1741193559489 0.5585390487723603 0
1741193559502 0.527217170991576 0
1741193559514 0.47567773131147933 0
1741193559528 0.5284293640260526 0
1741193559540 0.561969662929638 0
1741193559554 0.5113785396487754 0
1741193559567 0.5437379983653905 0
1741193559581 0.5353691191625763 0
1741193559592 0.4934574489150723 0
1741193559607 0.4818974719289386 0
1741193559618 0.49453767685664995 0
1741193559630 0.5632061697845784 0
1741193559642 0.5696053442851825 0
1741193559655 0.5237703071492454 0
1741193559667 0.5288426790164525 0
1741193559678 0.5701944385063996 0
1741193559691 0.49626675284798943 0
1741193559705 0.5524610526819903 0
1741193559717 0.5847865602998695 0
1741193559728 0.5505152696289358 0
1741193559744 0.5604036771122984 0
1741193559758 0.5958813737610895 0
1741193559774 0.5328375317138722 0
1741193559788 0.6010241738037642 0
1741193559801 0.5623689323259108 0
1741193559813 0.5365889573205052 0
1741193559825 0.5807002256120836 0
1741193559838 0.5608097838764344 0
1741193559851 0.585291595003372 0
1741193559865 0.5127762890821806 0
1741193559880 0.59881011197242 0
1741193559906 0.526858291111876 0
1741193559921 0.5789376298613587 0
1741193559935 0.6038253844903447 0
1741193559948 0.5655990090813781 0
1741193559963 0.5998831190727599 0
1741193559978 0.5285355420354296 0
1741193559993 0.5276959933448159 0
1741193560008 0.5338061045373104 0
1741193560022 0.6142187987413599 0
1741193560034 0.5896523486314749 0
1741193560046 0.581039429574755 0
1741193560058 0.5844042133099775 0
1741193560074 0.5535330523010885 0
1741193560086 0.6295382681835181 0
1741193560100 0.5573875409544639 0
1741193560115 0.572789724462793 0
1741193560127 0.5570502869534786 0
1741193560138 0.6295081393197044 0
1741193560150 0.5818261378864676 0
1741193560163 0.6443228401941621 0
1741193560174 0.5770206522624606 0
1741193560187 0.6386855568319135 0
1741193560199 0.5857565451678106 0
1741193560211 0.5914490433490367 0
1741193560224 0.5569470238524992 0
1741193560238 0.6517154796177393 0
1741193560250 0.6163921594900805 0
1741193560262 0.594032546903794 0
1741193560274 0.6111500491338273 0
1741193560289 0.6255559912448766 0
1741193560304 0.5766504418385868 0
1741193560317 0.5706787518271529 0
1741193560329 0.5887772925615347 0
1741193560340 0.6052615722674571 0
1741193560352 0.5840683651420745 0
1741193560364 0.6415983868462399 0
1741193560378 0.6142338705048092 0
1741193560390 0.6575228199731543 0
1741193560402 0.6523622506929834 0
1741193560415 0.5958314913958058 0
1741193560427 0.6753785176519426 0
1741193560440 0.6464427039229046 0
1741193560453 0.6700356281188744 0
1741193560464 0.6018337724727884 0
1741193560476 0.6059111613353217 0
1741193560489 0.6245433034863463 0
1741193560500 0.5943624253883788 0
1741193560513 0.6627913179979196 0
1741193560526 0.5968627614791812 0
1741193560538 0.6156894653967877 0
1741193560549 0.687576616138261 0
1741193560562 0.6811049103299716 0
1741193560575 0.6806401224372838 0
1741193560586 0.6261648276310097 0
1741193560598 0.6935824047905224 0
1741193560611 0.6244544108805435 0
1741193560625 0.6050513985872905 0
1741193560639 0.6847084626936822 0
1741193560652 0.6423546768071201 0
1741193560664 0.7036149058915612 0
1741193560676 0.6403005265701696 0
1741193560690 0.637137190767499 0
1741193560701 0.6408007567472552 0
1741193560716 0.6781226033820419 0
1741193560730 0.6705922229414782 0
1741193560743 0.6637192950364977 0
1741193560755 0.6701404892024713 0
1741193560767 0.6200288973905577 0
1741193560777 0.6639316718431669 0
1741193560789 0.6746546425591251 0
1741193560802 0.6276270498263978 0
1741193560816 0.6369758250746916 0
1741193560829 0.6944905956764702 0
1741193560841 0.6347970690839042 0
1741193560853 0.6527713351923987 0
1741193560865 0.7154381232982356 0
1741193560875 0.7168158287402608 0
1741193560890 0.728797809622645 0
1741193560902 0.724911140544705 0
1741193560915 0.7139471076032774 0
1741193560927 0.7167769285889601 0
1741193560940 0.6495497222455441 0
1741193560953 0.6901005444004146 0
1741193560965 0.723608189830581 0
1741193560977 0.6571738709445736 0
1741193560990 0.6655059777530458 0
1741193561003 0.7225480447707099 0
1741193561015 0.6923436850662196 0
1741193561028 0.695566489019908 0
1741193561040 0.6524196758095144 0
1741193561055 0.7489204828680658 0
1741193561067 0.7137318782190071 0
1741193561079 0.7414128472677185 0
1741193561091 0.7047279672791141 0
1741193561105 0.7354152333200632 0
1741193561117 0.6666196975761587 0
1741193561130 0.6736768289211921 0
1741193561143 0.7026142195968008 0
1741193561154 0.6771823200901952 0
1741193561167 0.7164616672117642 0
1741193561180 0.7221211327570248 0
1741193561193 0.734851309586573 0
1741193561211 0.6840148597833997 0
1741193561224 0.6964411386498068 0
1741193561242 0.751527141631948 0
1741193561256 0.6849188792817404 0
1741193561272 0.6986870273858125 0
1741193561286 0.7118029149279429 0
1741193561300 0.6869973164369757 0
1741193561316 0.7211166099606375 0
1741193561326 0.698995553842043 0
1741193561344 0.6946885126635153 0
1741193561356 0.7483117890032425 0
1741193561371 0.7525803946280233 0
1741193561382 0.7446829644025927 0
1741193561394 0.7309645290110698 0
1741193561407 0.7448846664083912 0
1741193561421 0.7832618743204847 0
1741193561435 0.7302337640560443 0
1741193561448 0.7374064038812026 0
1741193561461 0.793227973808125 0
1741193561474 0.7505158989784927 0
1741193561486 0.7412326930562348 0
1741193561500 0.7031608065851971 0
1741193561514 0.7632865734915515 0
1741193561528 0.7047758539618815 0
1741193561542 0.788721634012453 0
1741193561555 0.7119901939051729 0
1741193561568 0.7927570915458475 0
1741193561580 0.7765462675471207 0
1741193561593 0.7653380410082175 0
1741193561608 0.7727057616161165 0
1741193561621 0.7919680700316866 0
1741193561636 0.7320833260490875 0
1741193561651 0.8015725713221834 0
1741193561663 0.7875092379950652 0
1741193561675 0.7808742258122405 0
1741193561691 0.7577026888376395 0
1741193561703 0.7499081244005519 0
1741193561717 0.7234567762640245 0
1741193561732 0.8064620456423175 0
1741193561746 0.7667477145688315 0
1741193561757 0.8022339036301618 0
1741193561770 0.7776650616699614 0
1741193561782 0.747784788118109 0
1741193561794 0.8080673061955426 0
1741193561808 0.8075039146881002 0
1741193561821 0.7916512266575805 0
1741193561835 0.7589385098789828 0
1741193561850 0.8298599818306104 0
1741193561861 0.819636047688492 0
1741193561873 0.8347834664035143 0
1741193561885 0.8185460827648606 0
1741193561898 0.8157794276657518 0
1741193561910 0.7857944393076235 0
1741193561924 0.8158372260959679 0
1741193561938 0.7641732085567631 0
1741193561953 0.7919021634679217 0
1741193561966 0.8127881548994721 0
1741193561979 0.8149058355573735 0
1741193561993 0.817706921688512 0
1741193562008 0.8328552557788724 0
1741193562021 0.7995934486422422 0
1741193562034 0.8439123262334305 0
1741193562047 0.782397123410831 0
1741193562061 0.8432013943722073 0
1741193562074 0.8072935588370631 0
1741193562086 0.8097442226344918 0
1741193562099 0.8448079649578872 0
1741193562111 0.8343094282890188 0
1741193562125 0.8422827047904405 0
1741193562140 0.8268142630130217 0
1741193562156 0.7917814944180794 0
1741193562172 0.8391582499777798 0
1741193562187 0.8347779122631335 0
1741193562201 0.8234266520663386 0
1741193562216 0.7901007829338733 0
1741193562232 0.815649900564156 0
1741193562248 0.8420591011590779 0
1741193562264 0.7789525557544611 0
1741193562280 0.8015387879558282 0
1741193562295 0.779374357556457 0
1741193562309 0.820055651708124 0
1741193562324 0.8331692300157806 0
1741193562337 0.7823960211149337 0
1741193562350 0.7831601101030665 0
1741193562365 0.8549869240294907 0
1741193562377 0.8684911417863949 0
1741193562388 0.7920621638009642 0
1741193562400 0.8465873677821542 0
1741193562414 0.8089519259349104 0
1741193562428 0.8597475389722359 0
1741193562439 0.8226884107174098 0
1741193562452 0.8114787892331068 0
1741193562467 0.7991664306809768 0
1741193562481 0.8316321329948216 0
1741193562495 0.8667889745335905 0
1741193562507 0.8643175162736991 0
1741193562519 0.8754892290690395 0
1741193562532 0.8142222284644812 0
1741193562543 0.8561073387654885 0
1741193562558 0.8887138083973312 0
1741193562571 0.8253907627620527 0
1741193562584 0.8624674763025434 0
1741193562598 0.882411844758463 0
1741193562612 0.8593389484137768 0
1741193562625 0.8449082763683919 0
1741193562639 0.8698201932673222 0
1741193562653 0.8882731173219004 0
1741193562667 0.8587041916248106 0
1741193562681 0.8705452642963706 0
1741193562696 0.858858075587567 0
1741193562707 0.8782479410280567 0
1741193562719 0.8493305232293074 0
1741193562730 0.8158444189752168 0
1741193562742 0.9072767602710583 0
1741193562755 0.8644781571255652 0
1741193562767 0.8393032126756003 0
1741193562780 0.8716342533882077 0
1741193562791 0.8272948640510274 0
1741193562806 0.9136175695673645 0
1741193562821 0.8739414467632596 0
1741193562834 0.8330526909390028 0
1741193562846 0.8199533923088065 0
1741193562859 0.8886099510882113 0
1741193562872 0.834247405132441 0
1741193562885 0.8715867970174611 0
1741193562898 0.8600947876395633 0
1741193562910 0.8397734878479802 0
1741193562923 0.91943316952495 0
1741193562935 0.8719301403967066 0
1741193562948 0.8801278567203941 0
1741193562959 0.9089280096370166 0
1741193562971 0.8985260323544967 0
1741193562986 0.8906543746829665 0
1741193562999 0.9249507945283563 0
1741193563012 0.8701205586967548 0
1741193563023 0.8390587460449339 0
1741193563036 0.9123948401638872 0
1741193563047 0.8541411946561421 0
1741193563060 0.8690534715695515 0
1741193563072 0.8907469973413671 0
1741193563083 0.8764880286341561 0
1741193563097 0.8827844253839382 0
1741193563109 0.9294355251420561 0
1741193563122 0.8609960557101712 0
1741193563135 0.8591026909298927 0
1741193563147 0.8912455683350412 0
1741193563161 0.9279078085749872 0
1741193563174 0.8573128316633073 0
1741193563187 0.8837856025645192 0
1741193563200 0.9474437431419251 0
1741193563213 0.9021208676837419 0
1741193563225 0.873805229123624 0
1741193563238 0.8926185264532269 0
1741193563250 0.887396327529184 0
1741193563263 0.9324699065317192 0
1741193563277 0.8954361501019873 0
1741193563289 0.8998913877119632 0
1741193563302 0.8569446166034709 0
1741193563318 0.8753012411463139 0
1741193563331 0.9029806611338159 0
1741193563345 0.9254325598464797 0
1741193563359 0.9362283360763702 0
1741193563372 0.9366328962625733 0
1741193563385 0.960229635755517 0
1741193563398 0.9203437331534967 0
1741193563409 0.8752044119952912 0
1741193563422 0.8946821669103382 0
1741193563436 0.8854705606342237 0
1741193563449 0.9490276764028436 0
1741193563462 0.9372748497390755 0
1741193563476 0.8764588914324581 0
1741193563488 0.9593373330858265 0
1741193563501 0.961426837644488 0
1741193563515 0.8917752864358239 0
1741193563530 0.9404608679784092 0
1741193563543 0.9177185913798835 0
1741193563556 0.953862173173196 0
1741193563568 0.9416254367178689 0
1741193563580 0.8937902315786688 0
1741193563594 0.9487505131753304 0
1741193563609 0.9335623338737041 0
1741193563626 0.9307038671150901 0
1741193563641 0.9621398065676502 0
1741193563657 0.9524347290530882 0
1741193563673 0.9337215482867018 0
1741193563692 0.9493952187339563 0
1741193563708 0.9324987718134787 0
1741193563723 0.8878496933966372 0
1741193563739 0.9657742463032828 0
1741193563752 0.9153596207472338 0
1741193563768 0.889396395256342 0
1741193563782 0.974938241167242 0
1741193563798 0.9345401948842917 0
1741193563816 0.9761493112000829 0
1741193563832 0.9452871221304805 0
1741193563851 0.9535569406146701 0
1741193563863 0.9451775564548621 0
1741193563876 0.9390874618722405 0
1741193563888 0.9439694632098814 0
1741193563902 0.9655367143071696 0
1741193563916 0.9069497082471413 0
1741193563928 0.8922274868888352 0
1741193563944 0.9592237008330374 0
1741193563962 0.960739489897691 0
1741193563979 0.9076828161818316 0
1741193564000 0.956516872708066 0
1741193564018 0.9906764419388192 0
1741193564033 0.9743821774203688 0
1741193564047 0.9581277863178946 0
1741193564064 0.9792620824548908 0
1741193564079 0.9717436097388581 0
1741193564095 0.9064316651118102 0
1741193564110 0.9380718010186273 0
1741193564125 0.9633286582850947 0
1741193564144 0.9853292705816727 0
1741193564160 0.9591613642444823 0
1741193564175 0.9590127031356513 0
1741193564189 0.9325637964162623 0
1741193564205 0.9280312030296027 0
1741193564221 0.9812326012613256 0
1741193564234 0.9557124036081687 0
1741193564249 0.928651446172453 0
1741193564262 0.9516424083032144 0
1741193564278 0.9664410063203761 0
1741193564294 0.9841934920840758 0
1741193564312 0.9892731613392173 0
1741193564332 0.9495973448690417 0
1741193564350 1.0011496945111007 0
1741193564367 0.9505574224652424 0
1741193564385 0.9140890239990869 0
1741193564403 0.9891082013286749 0
1741193564423 0.9391383256246131 0
1741193564443 0.9254620694166054 0
1741193564460 0.9521736204414867 0
1741193564478 0.9473485109754592 0
1741193564495 0.9296024799578714 0
1741193564516 0.9279199176433272 0
1741193564535 1.0010377884115127 0
1741193564552 0.9337092788862957 0
1741193564570 0.9240772251043722 0
1741193564587 0.9909503879646531 0
1741193564602 0.9502995000078582 0
1741193564620 0.9800275002598002 0
1741193564636 0.9343736651664558 0
1741193564653 1.0162284375508195 0
1741193564668 0.9966411942739046 0
1741193564683 0.9920586362442321 0
1741193564696 0.9362590789305684 0
1741193564710 1.0062957119915834 0
1741193564724 1.0153329796479045 0
1741193564738 0.94003935306315 0
1741193564750 0.9382286254836115 0
1741193564763 0.9960692066562101 0
1741193564776 1.0090470515630265 0
1741193564790 1.0072353740246784 0
1741193564803 0.9833097760301633 0
1741193564816 0.9314906482972855 0
1741193564829 0.9684181640758611 0
1741193564845 1.0240571110276622 0
1741193564859 0.9303342106404333 0
1741193564871 0.9503772776447511 0
1741193564883 1.0197205783911911 0
1741193564895 0.9609983478642632 0
1741193564907 1.0025219226318691 0
1741193564920 0.9739545498557556 0
1741193564932 1.0159555720405247 0
1741193564943 0.9707245963670285 0
1741193564957 0.9442895315915381 0
1741193564970 0.9785344422381939 0
1741193564983 0.992331460875593 0
1741193564996 1.0091699939869674 0
1741193565010 0.9832610808534122 0
1741193565023 0.9368908350593421 0
1741193565037 0.9345907215834527 0
1741193565053 0.9846185324740113 0
1741193565068 0.9668220483024881 0
1741193565084 1.014579741075125 0
1741193565099 0.9546010678992981 0
1741193565115 0.9615357683169845 0
1741193565133 1.025044816831017 0
1741193565149 1.0274519792064858 0
1741193565160 1.03066911597125 0
1741193565173 0.9772274782985508 0
1741193565187 1.013509355215174 0
1741193565201 1.0291385524018817 0
1741193565215 0.9734179526175994 0
1741193565228 1.0015620211220766 0
1741193565240 0.9672309841288351 0
1741193565253 1.0220066139977946 0
1741193565269 0.9466317650545972 0
1741193565284 1.023368801886985 0
1741193565299 0.9869520610061849 0
1741193565317 0.9525715952786927 0
1741193565332 1.0313868840594387 0
1741193565347 1.0030384663638379 0
1741193565361 0.9745310580098585 0
1741193565376 0.9785989236199983 0
1741193565391 0.9857024459713031 0
1741193565405 1.0166289912091322 0
1741193565418 0.9926911150685497 0
1741193565430 0.9449888410378176 0
1741193565442 0.9489457680319308 0
1741193565454 1.0083977829320239 0
1741193565465 1.0086026535673651 0
1741193565481 0.965183646813894 0
1741193565494 0.992324914352276 0
1741193565507 0.988680363661825 0
1741193565518 0.9561112750014003 0
1741193565531 0.9812967608102786 0
1741193565546 0.9829851736849792 0
1741193565558 1.0252933583294084 0
1741193565569 0.954342228898111 0
1741193565582 0.9685380426529278 0
1741193565595 0.979018417357493 0
1741193565609 1.020742329215507 0
1741193565622 1.0451919727140666 0
1741193565635 0.9614864939063259 0
1741193565650 0.9942848198271124 0
1741193565662 0.9882442923060545 0
1741193565674 0.9616668801703916 0
1741193565686 0.9870322142871268 0
1741193565699 1.0453728630564623 0
1741193565712 0.964235239015982 0
1741193565723 0.9924841269894105 0
1741193565735 0.9586166179016756 0
1741193565750 1.0384916161282416 0
1741193565762 1.0279858840107239 0
1741193565775 1.0269619938254937 0
1741193565787 1.0277152654380073 0
1741193565801 0.9671579893567189 0
1741193565817 1.0040828404797706 0
1741193565831 1.0288192219219492 0
1741193565846 0.9507952596843547 0
1741193565860 0.9806476299135365 0
1741193565873 1.0231081300921219 0
1741193565885 0.991350847935207 0
1741193565898 0.9569505189153752 0
1741193565910 0.9820637003555714 0
1741193565922 0.9564439709691717 0
1741193565934 1.0260017225171756 0
1741193565947 1.0045420243170549 0
1741193565959 1.00349288347043 0
1741193565971 0.9495685471306652 0
1741193565984 1.0316473746449086 0
1741193565996 1.0401404059317985 0
1741193566009 0.9688207309152642 0
1741193566023 0.9589174886750413 0
1741193566035 1.0406201124711156 0
1741193566048 1.0219043728811439 0
1741193566060 0.9979873172573931 0
1741193566073 0.9747912306478888 0
1741193566084 0.9566200703977439 0
1741193566096 0.9743798015639734 0
1741193566109 0.9840908144980108 0
1741193566120 0.9553607510786417 0
1741193566133 1.0097098376698828 0
1741193795200 0.025226354914862893 0
1741193797277 -0.031133055611442053 0
1741193797296 0.0023739078825661623 0
1741193797310 -0.04156760409137247 0
1741193797326 -0.03602176813726279 0
1741193797340 -0.03885507264184721 0
1741193797355 -0.04592322069507762 0
1741193797370 0.010331385176608688 0
1741193797388 -0.042627591026994295 0
1741193797405 -0.041093116141203506 0
1741193797425 0.024712662260916996 0
1741193797442 -0.028820669628883324 0
1741193797457 0.0007896306268907361 0
1741193797475 0.043936498312912235 0
1741193797491 -0.029890888000063 0
1741193797506 0.002829097920954726 0
1741193797524 0.014651440763330838 0
1741193797539 -0.009645848480991738 0
1741193797557 0.032222859501705815 0
1741193797575 0.009219633219751888 0
1741193797595 0.012507390514728024 0
1741193797612 0.01758668978934218 0
1741193797630 -0.014189396626673635 0
1741193797650 -0.025504156052648663 0
1741193797668 0.020410437257376582 0
1741193797682 -0.03392521822357254 0
1741193797694 -0.00820547344179603 0
1741193797707 -0.01248843372635582 0
1741193797719 -0.012701454086970177 0
1741193797730 -0.022678753784803985 0
1741193797742 -0.031485416460966587 0
1741193797759 0.026632590899466114 0
1741193797770 0.04031056130359523 0
1741193797782 -0.028064166441520478 0
1741193797794 -0.033755554518734264 0
1741193797806 -0.0068378602387506385 0
1741193797819 -0.044761482861296865 0
1741193797832 0.022927265869103288 0
1741193797846 0.01939548860102045 0
1741193797859 -0.02167719911486954 0
1741193797871 0.008791680963515115 0
1741193797884 -0.017173772252154076 0
1741193797900 0.054273064410612595 0
1741193797915 0.04380018028046419 0
1741193797932 -0.02228109173123598 0
1741193797948 0.0006911082083584487 0
1741193797967 0.054506644861545966 0
1741193797981 -0.02449807930773036 0
1741193797995 -0.011931629284201661 0
1741193798009 -0.02282485735209218 0
1741193798024 -0.012617478505828141 0
1741193798038 -0.014317803877900482 0
1741193798050 0.033127834778188814 0
1741193798064 -0.022498986544512534 0
1741193798076 0.005993948554969264 0
1741193798091 0.007969588448581578 0
1741193798103 -0.01996959514359389 0
1741193798117 -0.0004153803764687554 0
1741193798132 0.009764738865466648 0
1741193798149 0.011972824557880079 0
1741193798163 0.03183256381333771 0
1741193798176 0.04002624068154308 0
1741193798191 -0.014922550637135202 0
1741193798204 -0.02621160967914512 0
1741193798218 0.04700744663515926 0
1741193798233 0.0538460542635117 0
1741193798251 0.050847456218465675 0
1741193798268 -0.037887136158745754 0
1741193798283 0.0071269468463526775 0
1741193798298 -0.035283810291269715 0
1741193798311 0.014561978746608695 0
1741193798324 0.05603114330314296 0
1741193798338 -0.011258628129890504 0
1741193798351 0.033362353634931535 0
1741193798364 0.007402277664394974 0
1741193798378 0.02476393005918779 0
1741193798393 -0.002969109865148846 0
1741193798408 -0.018685276067473715 0
1741193798425 -0.015113398363770448 0
1741193798442 0.0501833487028411 0
1741193798465 -0.0010385552342817572 0
1741193798478 -0.004882733580230936 0
1741193798491 -0.011058888514900247 0
1741193798504 -0.025317411963503456 0
1741193798520 -0.0025771927018594654 0
1741193798535 0.018526446832962083 0
1741193798551 0.03973234072421378 0
1741193798567 0.06895984496790121 0
1741193798582 0.022543265759827034 0
1741193798600 0.035656117373946486 0
1741193798618 0.06813536253298264 0
1741193798634 0.02201465629358971 0
1741193798649 0.008437755158086634 0
1741193798663 0.012506969714703242 0
1741193798677 0.06947461069436414 0
1741193798689 0.05685132913544024 0
1741193798705 -0.018011330684243987 0
1741193798717 0.06043356236247571 0
1741193798729 0.07025479807150392 0
1741193798744 0.04907190775082504 0
1741193798757 0.046830329188718524 0
1741193798769 0.050690416845980614 0
1741193798781 0.05962188591017003 0
1741193798791 0.049238499858380885 0
1741193798805 0.055672428845304 0
1741193798817 0.021489811880832932 0
1741193798831 0.015277206158620037 0
1741193798844 0.04077007384829419 0
1741193798856 0.00883552129635181 0
1741193798867 -0.011975037611268814 0
1741193798880 0.03115880129627243 0
1741193798896 -0.0056485213625104835 0
1741193798911 -0.012740828888600675 0
1741193798927 0.011116485599556157 0
1741193798941 0.017328540324502692 0
1741193798956 -0.002804877564124307 0
1741193798972 0.042536253805960544 0
1741193798987 0.06764300837681822 0
1741193799000 0.027678799518170448 0
1741193799016 -0.0009015827454173717 0
1741193799032 0.034885804078875815 0
1741193799048 0.011439627270663222 0
1741193799067 0.04389128474803058 0
1741193799081 0.05984098202955336 0
1741193799095 0.017486683342056997 0
1741193799112 0.07420998892884063 0
1741193799128 0.04867340692792573 0
1741193799144 0.07455566997237667 0
1741193799166 0.03249874409994117 0
1741193799186 0.05329051869696246 0
1741193799206 0.02546887864574101 0
1741193799223 0.08131306031829066 0
1741193799243 0.030402077163020888 0
1741193799265 0.011771788251290084 0
1741193799280 0.09408912517267244 0
1741193799295 0.015152573515604062 0
1741193799311 0.06612166971658798 0
1741193799330 0.07063859150455458 0
1741193799349 0.09039692734090461 0
1741193799366 0.02717070259183446 0
1741193799386 0.047779150024185646 0
1741193799404 0.04665161110392526 0
1741193799423 0.06916453385708096 0
1741193799439 0.026341773640368514 0
1741193799457 0.015200529627391046 0
1741193799472 0.1009255836970353 0
1741193799487 0.09244521480167783 0
1741193799501 0.09199849885934491 0
1741193799515 0.029565582713123026 0
1741193799531 0.09502354371252597 0
1741193799547 0.04648544638096963 0
1741193799565 0.028398202191423236 0
1741193799583 0.04105784676481149 0
1741193799599 0.00909567475986029 0
1741193799613 0.09281764357969843 0
1741193799627 0.08925482403927949 0
1741193799640 0.013331984850326682 0
1741193799656 0.09117425554249504 0
1741193799669 0.021839888153973128 0
1741193799684 0.08152130357891432 0
1741193799699 0.024409131669296875 0
1741193799712 0.07026058624490636 0
1741193799728 0.07782401457994435 0
1741193799741 0.046419684434788736 0
1741193799754 0.0648201824226352 0
1741193799765 0.058815244259786105 0
1741193799778 0.1143956079389018 0
1741193799791 0.09209274600104357 0
1741193799806 0.11565546543429348 0
1741193799831 0.0882766564992813 0
1741193799846 0.06913487370959227 0
1741193799861 0.0479263661548254 0
1741193799875 0.11200213244579599 0
1741193799891 0.10121301342818487 0
1741193799906 0.09071068293661516 0
1741193799919 0.04535531167690908 0
1741193799934 0.12096782002875581 0
1741193799949 0.06720665015658232 0
1741193799963 0.07243801600866885 0
1741193799977 0.06018993706792432 0
1741193799992 0.11873467012549088 0
1741193800008 0.11820294603940756 0
1741193800022 0.05664753744880865 0
1741193800036 0.11695089802398634 0
1741193800050 0.041161858499703725 0
1741193800068 0.09763136984822866 0
1741193800087 0.12806116458549607 0
1741193800103 0.07155564209275395 0
1741193800117 0.06477305303291739 0
1741193800132 0.1309545470208213 0
1741193800152 0.12414690498090176 0
1741193800170 0.08558823180450963 0
1741193800191 0.09980441986070163 0
1741193800210 0.07770104206924114 0
1741193800224 0.05978844971853611 0
1741193800240 0.09784435821679019 0
1741193800254 0.057766610255779616 0
1741193800270 0.12376977670281437 0
1741193800282 0.14309482464419218 0
1741193800294 0.13976084214768347 0
1741193800308 0.12483332792244273 0
1741193800320 0.08438402290980415 0
1741193800333 0.11986023315331831 0
1741193800348 0.12973585150113615 0
1741193800365 0.07407289490794536 0
1741193800378 0.14800243987143066 0
1741193800390 0.053217437902933394 0
1741193800403 0.11153740706708475 0
1741193800416 0.07131450124824912 0
1741193800428 0.1252871920696965 0
1741193800441 0.06258518303924596 0
1741193800452 0.15235629728361005 0
1741193800464 0.05828449343258456 0
1741193800476 0.15584998150654394 0
1741193800489 0.07319641705065388 0
1741193800501 0.1119148420472751 0
1741193800513 0.12757608896742792 0
1741193800529 0.126384073605329 0
1741193800542 0.12609938908653454 0
1741193800556 0.16327696550416754 0
1741193800571 0.16173951860117133 0
1741193800582 0.08700973947627547 0
1741193800595 0.14890657090414627 0
1741193800608 0.1374003210057563 0
1741193800620 0.09436754476693811 0
1741193800632 0.0754630278525853 0
1741193800647 0.08062079405080919 0
1741193800662 0.17075258073883343 0
1741193800677 0.1526015814458463 0
1741193800691 0.1510952488097806 0
1741193800705 0.1707962439387787 0
1741193800720 0.10998613223573458 0
1741193800733 0.10926293906059845 0
1741193800748 0.14406581792629045 0
1741193800761 0.11979535976918862 0
1741193800776 0.1329753251590049 0
1741193800790 0.14797344812357105 0
1741193800805 0.15019046189035223 0
1741193800822 0.12599806893076845 0
1741193800836 0.15754653829417123 0
1741193800853 0.15867707388168184 0
1741193800866 0.09425271118736689 0
1741193800879 0.11301617705342541 0
1741193800891 0.11027149392368119 0
1741193800904 0.1364785399965543 0
1741193800917 0.1393917581590759 0
1741193800929 0.18447661312788263 0
1741193800942 0.17251852681254978 0
1741193800959 0.1509616161179353 0
1741193800971 0.11313200832265295 0
1741193800984 0.1832283108063792 0
1741193800997 0.11031696867894868 0
1741193801012 0.15229539030417918 0
1741193801026 0.11721085542993193 0
1741193801038 0.11077402090141067 0
1741193801059 0.12919112924350115 0
1741193801075 0.15378018484133127 0
1741193801092 0.11125492098607814 0
1741193801111 0.14334095623703336 0
1741193801126 0.1569827544460277 0
1741193801145 0.1933769142130618 0
1741193801165 0.15449792316238853 0
1741193801180 0.1732419245823155 0
1741193801200 0.13847218231428532 0
1741193801226 0.20343979510040228 0
1741193801248 0.16633873281326095 0
1741193801273 0.21387581556004345 0
1741193801296 0.13336869915638888 0
1741193801321 0.1283631202256032 0
1741193801339 0.13555415705254745 0
1741193801358 0.16632401021784599 0
1741193801378 0.14636445406904955 0
1741193801392 0.14411417007033145 0
1741193801410 0.2061516263123998 0
1741193801428 0.17858353136992716 0
1741193801446 0.16890470942431712 0
1741193801469 0.19361892462643907 0
1741193801488 0.2041501198540088 0
1741193801511 0.1697585191104977 0
1741193801532 0.17562876822644674 0
1741193801554 0.1928870963465438 0
1741193801573 0.17264475145390099 0
1741193801591 0.1578242462972156 0
1741193801609 0.1489336341982373 0
1741193801632 0.23299343149626695 0
1741193801654 0.16215716606514707 0
1741193801675 0.210802786501151 0
1741193801693 0.16093812545626973 0
1741193801715 0.17740072460689868 0
1741193801742 0.17017111269697344 0
1741193801769 0.21531857182295905 0
1741193801796 0.1650706453332829 0
1741193801824 0.24488081277576731 0
1741193801846 0.19477960676895908 0
1741193801874 0.1826633165239868 0
1741193801895 0.1797228657233606 0
1741193801922 0.15961894993179065 0
1741193801948 0.16318545576867935 0
1741193801970 0.19668371867535228 0
1741193801987 0.21042986805848 0
1741193802009 0.17605355856959942 0
1741193802026 0.22194058545607462 0
1741193802042 0.22292319598200222 0
1741193802058 0.19032186439056537 0
1741193802075 0.199345886044125 0
1741193802090 0.2563388951323759 0
1741193802105 0.2611583157788814 0
1741193802118 0.23766685685686173 0
1741193802130 0.2561961120706273 0
1741193802143 0.24377266632429206 0
1741193802156 0.1737824313161356 0
1741193802170 0.2655702300436803 0
1741193802188 0.20157599566096485 0
1741193802201 0.17639449902751403 0
1741193802216 0.1858516495207498 0
1741193802235 0.2590327159932343 0
1741193802252 0.20629164377539533 0
1741193802269 0.27299779420757453 0
1741193802288 0.26094065402774086 0
1741193802303 0.2467955688787611 0
1741193802319 0.1933926617703619 0
1741193802335 0.18989012490544868 0
1741193802352 0.2598351597309942 0
1741193802367 0.19741015228824138 0
1741193802384 0.2643181981155411 0
1741193802401 0.2420819659047221 0
1741193802418 0.24472189754961146 0
1741193802441 0.24100767869396564 0
1741193802461 0.2349186294618314 0
1741193802480 0.22239947359648093 0
1741193802497 0.20623703912395144 0
1741193802515 0.20107798973548302 0
1741193802532 0.21411315426534341 0
1741193802554 0.27695487312368877 0
1741193802574 0.2246277982862606 0
1741193802595 0.20875654777272756 0
1741193802617 0.23196511277509213 0
1741193802635 0.26963080422259006 0
1741193802655 0.22240026805013535 0
1741193802672 0.300171205297545 0
1741193802685 0.21844104792804744 0
1741193802702 0.2613345932419821 0
1741193802718 0.2507718394022565 0
1741193802734 0.310907456629906 0
1741193802756 0.2998275189781518 0
1741193802778 0.3023455413962924 0
1741193802803 0.240984414948116 0
1741193802826 0.3000115744156347 0
1741193802845 0.29394431953475614 0
1741193802873 0.2902330387773997 0
1741193802894 0.25989508034837977 0
1741193802916 0.3060982068502853 0
1741193802937 0.23021244123362347 0
1741193802959 0.2508565218883288 0
1741193802983 0.32044779408286156 0
1741193803005 0.23581734904929136 0
1741193803029 0.28671310326895816 0
1741193803049 0.3180361337676634 0
1741193803068 0.2527725592168637 0
1741193803089 0.3007210923127374 0
1741193803115 0.28708186940373004 0
1741193803141 0.28889318573710576 0
1741193803165 0.3002473886377054 0
1741193803189 0.3066166125376986 0
1741193803215 0.33446568614652805 0
1741193803232 0.2689167189712368 0
1741193803253 0.26191615088765946 0
1741193803274 0.3427924330547691 0
1741193803298 0.27087144409802355 0
1741193803323 0.25506066561384605 0
1741193803341 0.33606459386693904 0
1741193803359 0.33945584979831595 0
1741193803378 0.31890963240571985 0
1741193803394 0.29903361353384533 0
1741193803414 0.2847697420213843 0
1741193803432 0.3045846674193669 0
1741193803452 0.3197296258461144 0
1741193803470 0.3404481697570934 0
1741193803489 0.3415189427662648 0
1741193803507 0.2733900913496365 0
1741193803528 0.3514506892196796 0
1741193803550 0.27135033898716193 0
1741193803569 0.32910263581966887 0
1741193803587 0.32373666903821696 0
1741193803604 0.304219338929553 0
1741193803623 0.30215099042979465 0
1741193803646 0.31711015021480254 0
1741193803671 0.31898467866857383 0
1741193803691 0.3305518756942803 0
1741193803718 0.34761761338890873 0
1741193803741 0.35876484821610866 0
1741193803764 0.3438482046664783 0
1741193803784 0.2881649608625915 0
1741193803805 0.3143628014008299 0
1741193803828 0.3426130024230127 0
1741193803851 0.3834494688567641 0
1741193803874 0.3820860480534425 0
1741193803894 0.3057105516274166 0
1741193803919 0.3449070438434239 0
1741193803941 0.3674866536450951 0
1741193803965 0.31140596008731014 0
1741193803992 0.3818110611350192 0
1741193804015 0.38095566761808014 0
1741193804046 0.3192988216413698 0
1741193804075 0.3439371278757071 0
1741193804103 0.39970954849501894 0
1741193804135 0.35310415744663937 0
1741193804164 0.3916197054124295 0
1741193804193 0.3809603084294435 0
1741193804228 0.39351151389127104 0
1741193804263 0.33905977668890275 0
1741193804289 0.31369751621845093 0
1741193804317 0.37683299371487183 0
1741193804345 0.327819096824437 0
1741193804371 0.38999753352259797 0
1741193804393 0.4027741221837163 0
1741193804412 0.3224256751882022 0
1741193804440 0.38947054063710645 0
1741193804458 0.3790536739271543 0
1741193804482 0.3500137495513604 0
1741193804504 0.3567656488715317 0
1741193804524 0.3516564571996423 0
1741193804541 0.3693692366159929 0
1741193804558 0.3666723637466323 0
1741193804572 0.38137721877728664 0
1741193804589 0.37210488874187403 0
1741193804610 0.34965078483574646 0
1741193804624 0.36391308383340776 0
1741193804645 0.388376070221826 0
1741193804666 0.43742235165942234 0
1741193804690 0.35734374631855126 0
1741193804713 0.3768576968146646 0
1741193804734 0.3611855133561846 0
1741193804753 0.39101830078472355 0
1741193804771 0.4226468487596138 0
1741193804789 0.44172294695505937 0
1741193804810 0.43066444897762735 0
1741193804829 0.43621901316927125 0
1741193804854 0.38648850908382837 0
1741193804873 0.4326355393309289 0
1741193804898 0.44543935760876097 0
1741193804916 0.4413216498003543 0
1741193804936 0.39244102106595125 0
1741193804955 0.4215660517581793 0
1741193804971 0.3672968826998206 0
1741193804987 0.37610149479013505 0
1741193805003 0.4532629775922052 0
1741193805022 0.37679884091863863 0
1741193805041 0.4389790370491649 0
1741193805060 0.4306135050691697 0
1741193805078 0.3993856544917452 0
1741193805094 0.4639985961570098 0
1741193805113 0.47251053645221097 0
1741193805130 0.41948799220892635 0
1741193805149 0.45575643679303524 0
1741193805167 0.40391211933651666 0
1741193805186 0.4351048999626931 0
1741193805206 0.42319975447812586 0
1741193805227 0.4240908543230692 0
1741193805251 0.39971858653639725 0
1741193805274 0.43157525533354746 0
1741193805297 0.45420500529083696 0
1741193805317 0.4894706964572735 0
1741193805339 0.4081619516882702 0
1741193805362 0.4247655219201403 0
1741193805381 0.4614143527668952 0
1741193805399 0.4349021743264736 0
1741193805418 0.4592025626976642 0
1741193805433 0.443607701879039 0
1741193805447 0.4408863918239225 0
1741193805460 0.45288578848821465 0
1741193805472 0.44748613743066706 0
1741193805485 0.41393325351228777 0
1741193805499 0.4650108064111092 0
1741193805511 0.5054507546698646 0
1741193805524 0.4873888072132323 0
1741193805541 0.46515083533281965 0
1741193805556 0.4948594586912156 0
1741193805568 0.5002563375630035 0
1741193805581 0.48336538777532656 0
1741193805596 0.4755260276285824 0
1741193805609 0.5049642090947969 0
1741193805622 0.4596344472098711 0
1741193805635 0.43652421458605695 0
1741193805651 0.466741243922297 0
1741193805665 0.5019378113075819 0
1741193805677 0.4571114022550739 0
1741193805691 0.4958433739915354 0
1741193805704 0.45292860630661674 0
1741193805718 0.49369028490364353 0
1741193805731 0.4717575535297317 0
1741193805746 0.4607369349602957 0
1741193805760 0.4517424082533598 0
1741193805772 0.4984265137795452 0
1741193805784 0.4549178008336388 0
1741193805797 0.4723695685586314 0
1741193805810 0.5016219374999216 0
1741193805823 0.4823992812818458 0
1741193805834 0.5087946770878761 0
1741193805847 0.4729502508853772 0
1741193805862 0.5359633335471858 0
1741193805874 0.5219664390817551 0
1741193805887 0.4807367666362443 0
1741193805899 0.4816804566505335 0
1741193805911 0.5052438236724078 0
1741193805924 0.5422689424175958 0
1741193805938 0.47132092614111964 0
1741193805951 0.4854914842874885 0
1741193805965 0.5248808667789404 0
1741193805979 0.5452481155554838 0
1741193805992 0.5341855706507559 0
1741193806006 0.511366043690951 0
1741193806018 0.5258276865445669 0
1741193806033 0.5234624617705719 0
1741193806046 0.5046208515677573 0
1741193806059 0.5306474458554646 0
1741193806072 0.5702736574183006 0
1741193806089 0.4826402091339954 0
1741193806104 0.5296827098694735 0
1741193806117 0.49634488067892846 0
1741193806130 0.5366762396845051 0
1741193806143 0.5796251438250684 0
1741193806155 0.5754690522191644 0
1741193806169 0.5048388013555827 0
1741193806183 0.4977412825629085 0
1741193806197 0.49401597610396475 0
1741193806210 0.5032727470495366 0
1741193806222 0.5547352426485368 0
1741193806235 0.5187808030430324 0
1741193806251 0.5794058916025093 0
1741193806264 0.5076839550805644 0
1741193806279 0.5099451492095918 0
1741193806294 0.5732578849448257 0
1741193806307 0.5189467647565532 0
1741193806321 0.5164167906323961 0
1741193806339 0.5482619774821819 0
1741193806355 0.6031173346206272 0
1741193806371 0.555405270041259 0
1741193806390 0.522931774947843 0
1741193806406 0.522638508597007 0
1741193806420 0.5302026863926786 0
1741193806433 0.574042006408641 0
1741193806450 0.5316319368187317 0
1741193806465 0.544067522941621 0
1741193806480 0.5673879462048338 0
1741193806499 0.5566503604073847 0
1741193806515 0.6202129345508751 0
1741193806530 0.5695924241101369 0
1741193806547 0.5598634492247171 0
1741193806561 0.5997533979492075 0
1741193806577 0.6128018076483925 0
1741193806595 0.5863125582947398 0
1741193806610 0.5594922077977308 0
1741193806626 0.5483117020940322 0
1741193806643 0.6347935032488174 0
1741193806661 0.5495100349691322 0
1741193806679 0.5967100043065263 0
1741193806695 0.5984045783735389 0
1741193806711 0.609127143176559 0
1741193806727 0.6171233138024519 0
1741193806741 0.6070471415561116 0
1741193806758 0.6332661417311102 0
1741193806772 0.6277203349888338 0
1741193806787 0.6323101107613096 0
1741193806800 0.5619259619040371 0
1741193806816 0.6428959477234677 0
1741193806834 0.5984530338033607 0
1741193806852 0.570946052336563 0
1741193806865 0.6263224399574271 0
1741193806877 0.5702903242618282 0
1741193806892 0.647271717049749 0
1741193806905 0.6039243500920586 0
1741193806916 0.578047092809968 0
1741193806933 0.640971069739075 0
1741193806945 0.6436310966733533 0
1741193806957 0.6137683011441645 0
1741193806970 0.6506671463811652 0
1741193806983 0.6517729871871417 0
1741193806996 0.5993576122087095 0
1741193807010 0.623801446107378 0
1741193807023 0.6238112888770326 0
1741193807036 0.6417927276846684 0
1741193807049 0.5855099845139635 0
1741193807063 0.6434690409392266 0
1741193807076 0.6332265464797027 0
1741193807090 0.6149635796045514 0
1741193807105 0.5971759834124627 0
1741193807116 0.603329578365818 0
1741193807129 0.6057795121096633 0
1741193807143 0.6341146806076557 0
1741193807158 0.6308279301831378 0
1741193807170 0.5997014228349531 0
1741193807182 0.6749609520449745 0
1741193807196 0.6073905623667302 0
1741193807209 0.6796682744299449 0
1741193807222 0.6496465584063742 0
1741193807234 0.6286445582273898 0
1741193807248 0.6655395618642114 0
1741193807262 0.6406360302251597 0
1741193807274 0.6317376435858615 0
1741193807286 0.6545518735649811 0
1741193807301 0.6313451532999764 0
1741193807313 0.7040828358156115 0
1741193807330 0.6136531552500774 0
1741193807345 0.6925600116794058 0
1741193807359 0.6194845918975257 0
1741193807371 0.6374236232159551 0
1741193807385 0.6828653638465746 0
1741193807399 0.7116942757585434 0
1741193807413 0.6796712702401726 0
1741193807426 0.7104197307460342 0
1741193807441 0.6648502218449971 0
1741193807458 0.6238258532147372 0
1741193807473 0.6571919076364924 0
1741193807488 0.6454793449736022 0
1741193807504 0.7188255210929314 0
1741193807518 0.6771092579544046 0
1741193807530 0.6995674014510023 0
1741193807543 0.6422495716849038 0
1741193807556 0.6965467602528733 0
1741193807570 0.6600538860113903 0
1741193807581 0.6884308792625297 0
1741193807594 0.7038259273707554 0
1741193807609 0.6968473822460102 0
1741193807621 0.7368036288101624 0
1741193807634 0.6865298906331094 0
1741193807647 0.6635955800730207 0
1741193807664 0.6746725083996189 0
1741193807676 0.6904718610137492 0
1741193807690 0.7453667774294525 0
1741193807702 0.6742546210031013 0
1741193807717 0.6829382713021738 0
1741193807730 0.6966685258411154 0
1741193807743 0.7247098802714005 0
1741193807756 0.6560753300901258 0
1741193807769 0.6980113124173243 0
1741193807781 0.7226260457968944 0
1741193807795 0.7145585706090819 0
1741193807809 0.7296214093079725 0
1741193807824 0.6827809894523913 0
1741193807836 0.6942174590972654 0
1741193807848 0.7640026334712138 0
1741193807860 0.7443512121516341 0
1741193807872 0.7535814445400119 0
1741193807886 0.6965662904668088 0
1741193807901 0.6922065247986411 0
1741193807914 0.6992721267115066 0
1741193807927 0.7633727131619108 0
1741193807939 0.7618455375612425 0
1741193807952 0.7347049635718895 0
1741193807965 0.7415824373766591 0
1741193807977 0.771090018958163 0
1741193807991 0.7027925628438342 0
1741193808005 0.6998759907692282 0
1741193808018 0.7239119092059041 0
1741193808030 0.7142315371997728 0
1741193808044 0.6916600553859152 0
1741193808056 0.7494108044705918 0
1741193808070 0.7378474263845899 0
1741193808087 0.7406040209151813 0
1741193808100 0.7888880325621643 0
1741193808112 0.7087939163120206 0
1741193808125 0.6964782698286061 0
1741193808137 0.7914646383157253 0
1741193808150 0.7969845063496218 0
1741193808164 0.7058306727490546 0
1741193808177 0.7462089647122045 0
1741193808191 0.7592619478918841 0
1741193808203 0.7663837241020344 0
1741193808214 0.7809371074686023 0
1741193808230 0.7832423230708513 0
1741193808243 0.8033124085754063 0
1741193808257 0.7999254747767035 0
1741193808283 0.7711443040469191 0
1741193808306 0.8024731054048725 0
1741193808326 0.7872517120188398 0
1741193808351 0.7999281517388256 0
1741193808370 0.7461376591535097 0
1741193808390 0.8004589346641189 0
1741193808407 0.7189347906396958 0
1741193808421 0.7360664672146756 0
1741193808436 0.7841872947278854 0
1741193808449 0.7301864633101065 0
1741193808466 0.7494395482281955 0
1741193808477 0.7449113918887665 0
1741193808494 0.8163722235150719 0
1741193808511 0.7310674139286905 0
1741193808527 0.8143206219034422 0
1741193808539 0.7920188575572794 0
1741193808553 0.7529645896765416 0
1741193808566 0.7730549427671181 0
1741193808578 0.8040043125103645 0
1741193808589 0.7836603882088683 0
1741193808604 0.7837487928252551 0
1741193808616 0.7933765665833281 0
1741193808628 0.8356778570233022 0
1741193808642 0.7472580789982233 0
1741193808656 0.7977162703938248 0
1741193808670 0.8087236951459854 0
1741193808684 0.8404819407428537 0
1741193808696 0.8192671501462292 0
1741193808709 0.8303284803253027 0
1741193808721 0.7479668877152054 0
1741193808735 0.8423859181618627 0
1741193808748 0.794544812895574 0
1741193808764 0.7990989143189045 0
1741193808777 0.8295500819387073 0
1741193808795 0.8047720707019677 0
1741193808811 0.8275255247125556 0
1741193808825 0.8557657776379395 0
1741193808839 0.8334842239141597 0
1741193808853 0.7601344646960354 0
1741193808868 0.8557787122324072 0
1741193808881 0.7697862561457298 0
1741193808897 0.8349638320215191 0
1741193808915 0.8233481361589137 0
1741193808929 0.8253441835931791 0
1741193808950 0.8103750075777034 0
1741193808966 0.8148565730219715 0
1741193808982 0.8499536929405644 0
1741193808994 0.837776878507039 0
1741193809012 0.8484472507716668 0
1741193809027 0.8173076372825504 0
1741193809044 0.8284772627134164 0
1741193809059 0.793795813239763 0
1741193809071 0.8533205910005446 0
1741193809085 0.8752138259761322 0
1741193809101 0.8145195459343437 0
1741193809116 0.8346034167986913 0
1741193809129 0.7915931667841873 0
1741193809141 0.8635661959477642 0
1741193809154 0.8578648343412384 0
1741193809168 0.8537660785993286 0
1741193809185 0.8844487051028915 0
1741193809199 0.8510608723519666 0
1741193809212 0.8584810884144447 0
1741193809225 0.820024122930529 0
1741193809238 0.837759796899265 0
1741193809251 0.7963793854400356 0
1741193809263 0.7978082370191557 0
1741193809275 0.8377873816756329 0
1741193809287 0.8612660124808176 0
1741193809300 0.8301742447100907 0
1741193809313 0.8238983619481827 0
1741193809329 0.8552710849753236 0
1741193809342 0.7999846376515384 0
1741193809358 0.8669017845025266 0
1741193809371 0.858754713808008 0
1741193809383 0.8429884546483586 0
1741193809395 0.8501652044126363 0
1741193809408 0.810627283590339 0
1741193809421 0.8778288823128059 0
1741193809434 0.8782056871353054 0
1741193809448 0.8568360808445646 0
1741193809462 0.8619756103939583 0
1741193809473 0.8365113263228244 0
1741193809488 0.8179233033577172 0
1741193809500 0.9113536233482583 0
1741193809513 0.9089639010050903 0
1741193809526 0.8792643248867241 0
1741193809539 0.8254274620631934 0
1741193809552 0.818630391198644 0
1741193809564 0.850737661506854 0
1741193809576 0.9028422652675503 0
1741193809588 0.8233577553284614 0
1741193809600 0.8960004679813405 0
1741193809612 0.9179388624618294 0
1741193809624 0.8730469928090664 0
1741193809640 0.8854810674490066 0
1741193809655 0.8738025937981216 0
1741193809668 0.857476019406205 0
1741193809679 0.8528225802351245 0
1741193809692 0.8442535075668183 0
1741193809706 0.8961670823093556 0
1741193809718 0.9043341522608414 0
1741193809730 0.9162639308030427 0
1741193809744 0.8895930396288944 0
1741193809755 0.9086110351769853 0
1741193809767 0.9013817754977906 0
1741193809779 0.8864635423755564 0
1741193809792 0.8509754160227518 0
1741193809807 0.8879404740001658 0
1741193809820 0.8630308689281345 0
1741193809833 0.9039299492261063 0
1741193809846 0.8431201614933814 0
1741193809860 0.8689957223729097 0
1741193809872 0.8788501687098069 0
1741193809884 0.845072250371986 0
1741193809896 0.8867503250861081 0
1741193809908 0.8959026529656127 0
1741193809920 0.903145791022977 0
1741193809932 0.8623850793608414 0
1741193809945 0.8623660023808062 0
1741193809958 0.8873178173620889 0
1741193809972 0.9004689385160812 0
1741193809986 0.8516877906531293 0
1741193809998 0.8973136984850176 0
1741193810010 0.8765069936602834 0
1741193810022 0.8814389945099097 0
1741193810033 0.909354696091667 0
1741193810045 0.9314049888861287 0
1741193810057 0.9423599917157915 0
1741193810071 0.9050804227768484 0
1741193810084 0.8701289323682959 0
1741193810098 0.9398468251882822 0
1741193810110 0.8677875420136092 0
1741193810123 0.956420340039418 0
1741193810138 0.9513087980189872 0
1741193810151 0.9198972993537287 0
1741193810163 0.8995044303663322 0
1741193810174 0.9503638865993991 0
1741193810187 0.8932541298936741 0
1741193810200 0.9390009620721941 0
1741193810212 0.9616365510916768 0
1741193810225 0.9531586635493641 0
1741193810238 0.9028667952283538 0
1741193810250 0.9498670905241484 0
1741193810263 0.9664630359655764 0
1741193810278 0.8944670647437041 0
1741193810289 0.8821720023412055 0
1741193810303 0.9435292713655616 0
1741193810316 0.8866617658431284 0
1741193810329 0.9421917761706605 0
1741193810342 0.9224489635353124 0
1741193810354 0.965900312795789 0
1741193810368 0.8772667486226026 0
1741193810380 0.9406677385074481 0
1741193810392 0.9296853173646092 0
1741193810404 0.9423500592452725 0
1741193810414 0.9618200162371036 0
1741193810428 0.8830910685507722 0
1741193810440 0.9479154977135541 0
1741193810451 0.9793404237357709 0
1741193810465 0.9100473743341516 0
1741193810479 0.9416842198735716 0
1741193810491 0.9724648899543881 0
1741193810504 0.940673575257942 0
1741193810516 0.9708127828579838 0
1741193810527 0.9164225277903367 0
1741193810538 0.8929078357857215 0
1741193810550 0.9560617867313104 0
1741193810560 0.9525800351707395 0
1741193810572 0.9683756712302933 0
1741193810586 0.944356724904616 0
1741193810598 0.9392504201128263 0
1741193810609 0.9198906552253143 0
1741193810621 0.9907998851997538 0
1741193810635 0.9646666708653812 0
1741193810646 0.9135472385834613 0
1741193810658 0.9229291810999397 0
1741193810670 0.897488003424284 0
1741193810685 0.9573438092914185 0
1741193810698 0.9315494405572115 0
1741193810709 0.9596913203312941 0
1741193810731 0.9890898462538155 0
1741193810742 0.9167935287138497 0
1741193810753 0.9687946877953137 0
1741193810764 0.9487835629989553 0
1741193810774 0.9521983689903752 0
1741193810788 0.9129657561547587 0
1741193810799 0.9132635688921789 0
1741193810810 0.9646481681101134 0
1741193810822 0.9889389891088489 0
1741193810833 0.9635880245621068 0
1741193810847 0.9539825013114965 0
1741193810860 0.9289885133019183 0
1741193810873 0.9671186849193084 0
1741193810891 0.9323631277587131 0
1741193810905 1.0028364742963523 0
1741193810919 0.9132191086432244 0
1741193810932 0.9901931010887949 0
1741193810946 1.000417188748484 0
1741193810957 1.0025323311487553 0
1741193810970 0.9161719886928784 0
1741193810984 0.9275888454912169 0
1741193810996 0.9489146673978596 0
1741193811008 1.005924722406549 0
1741193811020 0.9360492039554075 0
1741193811032 1.008285128080661 0
1741193811043 0.9333130027457605 0
1741193811055 0.9862820690669795 0
1741193811069 0.9435565458930444 0
1741193811085 0.9553658114225625 0
1741193811099 0.9377645514021477 0
1741193811113 0.9811778090343244 0
1741193811126 1.016788383500524 0
1741193811140 0.9330372983726707 0
1741193811154 0.919583399029329 0
1741193811169 1.0134085849094672 0
1741193811184 0.9739386534628142 0
1741193811200 0.949314228221441 0
1741193811212 1.0064787476185977 0
1741193811224 0.9316539968322217 0
1741193811235 0.93365280974947 0
1741193811247 1.0184873003629367 0
1741193811261 1.0230738843094365 0
1741193811272 0.9809356342254576 0
1741193811284 0.9922580060393018 0
1741193811299 0.9418487494205929 0
1741193811311 0.9631552019282266 0
1741193811323 1.0202650111010498 0
1741193811335 0.9707243319723807 0
1741193811349 0.9502254533051787 0
1741193811361 0.9793095170936824 0
1741193811374 0.9511042462609114 0
1741193811388 1.023224986710189 0
1741193811401 1.013288422340181 0
1741193811415 1.014164850077612 0
1741193811425 0.9897963172734223 0
1741193811436 0.9403365165316846 0
1741193811448 0.9925369377923524 0
1741193811462 0.9589463923909886 0
1741193811473 1.02382864188403 0
1741193811484 0.9372260161007097 0
1741193811497 0.9781370529306314 0
1741193811508 0.9495854178831871 0
1741193811519 1.0088337968158372 0
1741193811531 1.0287098153234804 0
1741193811542 1.0199985672184881 0
1741193811554 1.0016644497357399 0
1741193811566 0.9461941413278361 0
1741193811576 0.9578865351596683 0
1741193811590 0.9544928269038214 0
1741193811603 0.9878315765979037 0
1741193811616 1.0288894644993267 0
1741193811628 1.0186362961232391 0
1741193811640 1.0086253960546876 0
1741193811652 1.0046186005145112 0
1741193811666 0.9963754516232509 0
1741193811678 1.0160127558791119 0
1741193811691 0.9637981188325777 0
1741193811704 0.9482568705691872 0
1741193811717 1.0090357459206363 0
1741193811730 0.9525834430447068 0
1741193811743 0.987032678157591 0
1741193811755 0.9684260721494253 0
1741193811767 0.9972978650304144 0
1741193811778 0.9823003474127017 0
1741193811791 0.9804610008837473 0
1741193811803 0.9889635309844251 0
1741193811816 0.9448747680680167 0
1741193811829 1.0259816575447065 0
1741193811839 1.0064205606151677 0
1741193811853 0.9929411808663476 0
1741193811866 1.0354532951460604 0
1741193811878 1.0370692523971812 0
1741193811890 0.9881853735419766 0
1741193811903 0.956699497826862 0
1741193811924 1.010130952243881 0
1741193811948 0.9790068781926756 0
1741193811965 0.9892962360282583 0
1741193811977 0.9980602744619381 0
1741193811989 1.043356979250515 0
1741193812000 0.9787788364067004 0
1741193812014 0.9847007600007983 0
1741193812027 1.0257630532275077 0
1741193812039 1.0000910850025262 0
1741193812052 1.0443075379427535 0
1741193812062 1.0251016280553695 0
1741193812075 1.0068679450581068 0
1741193812101 1.0033359930779335 0
1741193812118 1.0119434873697475 0
1741193812129 0.9648190246589534 0
1741193812141 1.0014682870215335 0
1741193812154 0.9848365838357375 0
1741193812166 0.9955212726141799 0
1741193812176 1.0190767469005673 0
1741193812188 1.023997279732652 0
1741193812200 0.9957691709317256 0
1741193812213 0.9616804969147996 0
1741193812226 1.0219533524603155 0
1741193812238 1.0377974689077636 0
1741193812249 0.9674940300313312 0
1741193812263 0.9824024756863667 0
1741193812276 0.9635794390589446 0
1741193812288 0.9983914026115468 0
1741193812299 1.0120528636861184 0
1741193812310 0.9956151038349264 0
1741193812325 1.0261066075053549 0
1741193812337 1.0019532194523042 0
1741193812350 1.0416574717366656 0
1741193812362 1.0247200118673627 0
1741193812373 0.9935648852855203 0
1741193812387 1.0053811197720792 0
1741193812400 0.9836016207693559 0
1741193812412 1.0257353547749444 0
1741193812426 1.0383787548116157 0
1741193812440 0.9610351871609726 0
1741193812453 1.039178684692812 0
1741193812466 0.963176248679568 0
1741193812478 1.0217548209451786 0
1741193812491 0.9581434823854906 0
1741193812505 0.9858635915875824 0
1741193812517 1.0312398868425983 0
1741193812532 0.9853686010478002 0
1741193812544 1.02131284630223 0
1741193812556 0.9624355081295254 0
1741193812570 1.0102899760584279 0
1741193812583 1.0162459208115258 0
